300 <--# of nodes, 600 edges 
1 2 0.54811027797653
1 3 0.7607886633233739
2 3 0.14321307508042502
2 4 0.5954449698847325
3 4 0.39909358368419257
3 5 0.37381537728303105
4 5 0.16516144932425902
4 6 0.6173740004748226
5 6 0.6465292093098338
5 7 0.6434772027539643
6 7 0.8323639133777976
6 8 0.6903464721923266
7 8 0.10465183331607975
7 9 0.9977582540945227
8 9 0.36054679177697135
8 10 0.08619376773285725
9 10 0.2874492727587882
9 11 0.001103635124511837
10 11 0.3839168639023528
10 12 0.18095597920469197
11 12 0.9061651765924945
11 13 0.2920423754560433
12 13 0.8053879716486174
12 14 0.535640606521692
13 14 0.5212454441811288
13 15 0.7847074492518814
14 15 0.7347105502242641
14 16 0.32703952748655774
15 16 0.3668369397446606
15 17 0.5825635096614875
16 17 0.45406501312494485
16 18 0.16866832002869558
17 18 0.5617269133618878
17 19 0.2772113847100882
18 19 0.9684748626795553
18 20 0.8896224081653977
19 20 0.5052568226376841
19 21 0.3441929476866371
20 21 0.8496781328388358
20 22 0.4786991462690908
21 22 0.9470193709721179
21 23 0.26851416869022826
22 23 0.5710955018684197
22 24 0.4587185352284311
23 24 0.4531273342969375
23 25 0.6101384756874006
24 25 0.236748052621796
24 26 0.05662902469095388
25 26 0.14018792323534945
25 27 0.7685930862059062
26 27 0.7126732788681759
26 28 0.9009740078729408
27 28 0.7166246607826411
27 29 0.21616617798269577
28 29 0.3896661628225989
28 30 0.27519547921644194
29 30 0.4517054047203555
29 31 0.3511322181862693
30 31 0.989203952109631
30 32 0.3405929207585765
31 32 0.49420869943312173
31 33 0.33253468801579333
32 33 0.9561466943361587
32 34 0.9557725323448902
33 34 0.3691205717362861
33 35 0.3290515676141976
34 35 0.7519706691975199
34 36 0.5391083950301592
35 36 0.13373714923635394
35 37 0.7288862653785793
36 37 0.07350009483023312
36 38 0.4414405287031269
37 38 0.7943574215225385
37 39 0.8762253150826849
38 39 0.10607066535231491
38 40 0.49958054206153923
39 40 0.13311992827504482
39 41 0.6687347706580359
40 41 0.15114851129438078
40 42 0.23505935962259872
41 42 0.9092482863391464
41 43 0.6468456111670196
42 43 0.10654446499890247
42 44 0.32287178163611496
43 44 0.7399604013880262
43 45 0.132067758754429
44 45 0.11767985803291214
44 46 0.4307694583127819
45 46 0.6227870471235551
45 47 0.37601283082746506
46 47 0.6500895785435165
46 48 0.8272198145797505
47 48 0.19691128415495252
47 49 0.22336431468983897
48 49 0.06930638951629964
48 50 0.30889015661853647
49 50 0.8178386639573911
49 51 0.5559276221856219
50 51 0.39813442676003385
50 52 0.23721136936169673
51 52 0.751133210004521
51 53 0.2442084365250785
52 53 0.4432494693613859
52 54 0.776532933495498
53 54 0.8992560413884919
53 55 0.5727004740105853
54 55 0.9151017639287873
54 56 0.4387022545507271
55 56 0.8856175658710718
55 57 0.6825685559515983
56 57 0.6939479327473701
56 58 0.6571836283958733
57 58 0.2896446780327019
57 59 0.02745977985125614
58 59 0.1640912321653678
58 60 0.2056953499831733
59 60 0.8450889066639459
59 61 0.939213354448191
60 61 0.2587891649174333
60 62 0.6611531952950087
61 62 0.1977828776126871
61 63 0.12329210264786372
62 63 0.8734368167039178
62 64 0.8000678696903272
63 64 0.4244222074894317
63 65 0.5158041117737815
64 65 0.32803916071416794
64 66 0.7935533518891643
65 66 0.06633470940269892
65 67 0.9291760450903582
66 67 0.5127274149461294
66 68 0.7602464403114403
67 68 0.6356999233456815
67 69 0.32138596287811794
68 69 0.11179441932427503
68 70 0.19388567377757482
69 70 0.42570023910093846
69 71 0.5220189947086719
70 71 0.4123235169234769
70 72 0.7535176631932381
71 72 0.15834970070120136
71 73 0.059623719787536555
72 73 0.44355533931645186
72 74 0.12423171642638497
73 74 0.3275216672573795
73 75 0.026669191862381036
74 75 0.5877795722099617
74 76 0.4849861553278695
75 76 0.5628179740553786
75 77 0.4138114307153987
76 77 0.3808940509537482
76 78 0.2872377272880179
77 78 0.2364186632564943
77 79 0.7613033201179031
78 79 0.7250270938222302
78 80 0.1317691450876307
79 80 0.9234773198165307
79 81 0.3335700164784555
80 81 0.6163025750328217
80 82 0.9082356887057377
81 82 0.08762224408299746
81 83 0.3381065867392611
82 83 0.5081300683735046
82 84 0.3129717929277921
83 84 0.17015226529593064
83 85 0.30438369075984095
84 85 0.9052467049558137
84 86 0.3381580795991974
85 86 0.807661647010757
85 87 0.38693492610695024
86 87 0.8562355784233282
86 88 0.31320083144781863
87 88 0.7744943259178895
87 89 0.9673150555282332
88 89 0.5394416451846391
88 90 0.4756564204349255
89 90 0.1560059058694736
89 91 0.08536466645124174
90 91 0.9607235175190058
90 92 0.12449796482203201
91 92 0.9125822747261163
91 93 0.43419710153276514
92 93 0.5693839362608187
92 94 0.004863798223824656
93 94 0.8180113520027361
93 95 0.892527734034013
94 95 0.07253082534728428
94 96 0.7575192824966005
95 96 0.4981931583954262
95 97 0.08010099382613356
96 97 0.0073643552514369715
96 98 0.9257565442105448
97 98 0.41483379927987296
97 99 0.025875537460139375
98 99 0.30857226481497924
98 100 0.7552980957460182
99 100 0.6363442781116556
99 101 0.7642658210132904
100 101 0.7444048333929035
100 102 0.29687063748379017
101 102 0.6267262737627013
101 103 0.39520139640550034
102 103 0.10938028490224305
102 104 0.8672765747696229
103 104 0.6644450837143137
103 105 0.02623166205554528
104 105 0.6223956672328362
104 106 0.1753302746525156
105 106 0.548672495893229
105 107 0.10671466591994028
106 107 0.7884544537796966
106 108 0.8246455595316915
107 108 0.8276159844401058
107 109 0.08949372565675362
108 109 0.23730696483847258
108 110 0.6873745570148165
109 110 0.5394100130006289
109 111 0.8187104235902324
110 111 0.18263426166830032
110 112 0.8576820624230254
111 112 0.05978398192938461
111 113 0.5448556085967952
112 113 0.20495141666339478
112 114 0.2962562634429702
113 114 0.41974299029126005
113 115 0.1804419777417101
114 115 0.7954672495864066
114 116 0.6314886439056548
115 116 0.10714130002910183
115 117 0.060583473795054577
116 117 0.8495950433562773
116 118 0.9034383870412084
117 118 0.27919030325379846
117 119 0.8659045023044202
118 119 0.42514454293763093
118 120 0.03688405993558641
119 120 0.4561356582161382
119 121 0.42725175876360255
120 121 0.92376400511042
120 122 0.7400343745270925
121 122 0.056275563738243384
121 123 0.39747106902067697
122 123 0.6773940062273673
122 124 0.44007436646144893
123 124 0.44483254474009526
123 125 0.8744042923800254
124 125 0.7015005948379484
124 126 0.7087836034253735
125 126 0.9737126364785562
125 127 0.7169591282816972
126 127 0.547551398889822
126 128 0.6533785516491518
127 128 0.560220633506516
127 129 0.17738167462235754
128 129 0.5607565283277736
128 130 0.9027708832570254
129 130 0.63406157770252
129 131 0.4335105495148276
130 131 0.8470541598817305
130 132 0.2306171135634012
131 132 0.8177107205908082
131 133 0.7384530947552902
132 133 0.2081599404668648
132 134 0.08295637928887378
133 134 0.3796917774356239
133 135 0.24439360347255368
134 135 0.3208628682608887
134 136 0.1718383638617914
135 136 0.031207868601904054
135 137 0.02359942738263998
136 137 0.7296441249563296
136 138 0.5921701000462967
137 138 0.9371431161391818
137 139 0.6969666167411388
138 139 0.3760856537966648
138 140 0.22894871623961788
139 140 0.779525387560237
139 141 0.4462158176272275
140 141 0.7012918897440482
140 142 0.6708253855267656
141 142 0.22968546103235699
141 143 0.10923747863717503
142 143 0.9261103496308436
142 144 0.23108956492552912
143 144 0.05176775502390818
143 145 0.462618583012399
144 145 0.7063413302964683
144 146 0.2863675423060248
145 146 0.9820903175690086
145 147 0.25380915010540295
146 147 0.29929914313107087
146 148 0.4553272845993529
147 148 0.415632857616994
147 149 0.07824667707830346
148 149 0.10524277358940315
148 150 0.2057819491881031
149 150 0.5436687160480438
149 151 0.1163934446024576
150 151 0.4292785901423418
150 152 0.35934080532563795
151 152 0.6674276772870295
151 153 0.05145024725210401
152 153 0.6717380684491594
152 154 0.3695807277624885
153 154 0.43134198763729326
153 155 0.20834739202130337
154 155 0.5449143499057363
154 156 0.30506619523352807
155 156 0.6014089621813005
155 157 0.10579091409738806
156 157 0.18384386380281037
156 158 0.6157226406499374
157 158 0.10311322716798321
157 159 0.41034705680164263
158 159 0.12704059457918404
158 160 0.9815708514556748
159 160 0.633395288975312
159 161 0.9136722719176493
160 161 0.3231943524199059
160 162 0.7272896479698671
161 162 0.1802815189712158
161 163 0.07992493036400272
162 163 0.9929259762783136
162 164 0.14827549477362467
163 164 0.6622662596969122
163 165 0.07143889948431947
164 165 0.9884069706978219
164 166 0.3504798336084237
165 166 0.8631774026838345
165 167 0.9307550296874911
166 167 0.22985192790412023
166 168 0.11008863661357926
167 168 0.9119990688904533
167 169 0.17816046683747022
168 169 0.7989368240742912
168 170 0.6485248160196891
169 170 0.014121446714113195
169 171 0.16595463686736578
170 171 0.37403784061155965
170 172 0.36683355029773124
171 172 0.5321165996701677
171 173 0.35823216407386316
172 173 0.440701858812931
172 174 0.33525347122603566
173 174 0.20470147629298308
173 175 0.9256483757827569
174 175 0.6435086898773192
174 176 0.5847121385630153
175 176 0.03998901707048741
175 177 0.09259419070562858
176 177 0.2602019414469551
176 178 0.582563357056814
177 178 0.08937408128581159
177 179 0.997450122232226
178 179 0.28397678343917165
178 180 0.8034969663107456
179 180 0.49317603309529434
179 181 0.7756388729823923
180 181 0.3680730222504127
180 182 0.9284942552901115
181 182 0.4826351544198084
181 183 0.20804729361501828
182 183 0.47480697877966804
182 184 0.14221389661416817
183 184 0.6553098521327594
183 185 0.1349714875564043
184 185 0.601303931398178
184 186 0.576868996345983
185 186 0.49954611199081944
185 187 0.24088746084351997
186 187 0.2396329052676497
186 188 0.2727480971723385
187 188 0.36052228240761053
187 189 0.9783094266846385
188 189 0.05954342733748186
188 190 0.3976433174439431
189 190 0.7131937170660833
189 191 0.3681603610219075
190 191 0.5722660028092648
190 192 0.24912435869053295
191 192 0.6195365964908651
191 193 0.33010432540125245
192 193 0.1997348150650392
192 194 0.2892761639032234
193 194 0.19232700980885187
193 195 0.45728971295925325
194 195 0.22384197699947128
194 196 0.5044217402984936
195 196 0.5464496853593607
195 197 0.17249967878615813
196 197 0.8697990190464125
196 198 0.7269852871777936
197 198 0.735650638420153
197 199 0.8374976318033721
198 199 0.9483715727362684
198 200 0.033029670065037764
199 200 0.45102539036150613
199 201 0.37083395015649245
200 201 0.766273564293773
200 202 0.439062809868219
201 202 0.47328792866379954
201 203 0.7216931468316076
202 203 0.23335535411702457
202 204 0.8034662425660949
203 204 0.837063294263102
203 205 0.4337702588981043
204 205 0.5739408239722898
204 206 0.8264423427988994
205 206 0.141699679735658
205 207 0.6949520699566989
206 207 0.03254116397470164
206 208 0.9889258769595349
207 208 0.4902957236246016
207 209 0.6114069741482435
208 209 0.22191423718853254
208 210 0.9820209333524696
209 210 0.9736821399927021
209 211 0.10363666847864905
210 211 0.5024619169380315
210 212 0.5395347037141778
211 212 0.024956601444081405
211 213 0.7587348173983202
212 213 3.489442401706233E-4
212 214 0.26909830990640116
213 214 0.29717555156726194
213 215 0.25504048986988337
214 215 0.6363991662144085
214 216 0.4491049879726251
215 216 0.8125662908166471
215 217 0.4514067695065581
216 217 0.9922390827249754
216 218 0.6286518062383158
217 218 0.7496687095345946
217 219 0.047264033349093126
218 219 0.8034507928333017
218 220 0.8980857142691179
219 220 0.5031570101945915
219 221 0.3529668149297338
220 221 0.6660119459418842
220 222 0.07254493511803028
221 222 0.8569447039959359
221 223 0.8623449194426248
222 223 0.6020860182736758
222 224 0.6472914365001037
223 224 0.9600252714141783
223 225 0.5531499559808822
224 225 0.4669476263079412
224 226 0.2708772545294599
225 226 0.8497523359568381
225 227 0.8320342386160811
226 227 0.39082689254320824
226 228 0.6486872550587645
227 228 0.4334526022338754
227 229 0.5796570580017019
228 229 0.08286527201828375
228 230 0.8129714066308711
229 230 0.6372741858213492
229 231 4.506814487045263E-4
230 231 0.4498639854803532
230 232 0.701253416683819
231 232 0.40481713847951317
231 233 0.2658520308294523
232 233 0.5295965544153731
232 234 0.9484989762586259
233 234 0.42471048234753206
233 235 0.057675650467332695
234 235 0.05458271642051227
234 236 0.8658907109364563
235 236 0.4528463258861788
235 237 0.1763773659494854
236 237 0.2380209824171019
236 238 0.5514518919538033
237 238 0.8389221371201284
237 239 0.8240175663574774
238 239 0.470359447447803
238 240 0.7134926683828939
239 240 0.031473942886064865
239 241 0.22259785364092888
240 241 0.969847268621144
240 242 0.39255409936353425
241 242 0.7238232604518873
241 243 0.9657096095730144
242 243 0.7333624546072276
242 244 0.6691428972490112
243 244 0.4587012055498155
243 245 0.0012161450313993294
244 245 0.3261824463433851
244 246 0.21968676995495462
245 246 0.9263713030479257
245 247 0.22019734158840265
246 247 0.4119903534710009
246 248 0.8359314555462071
247 248 0.5000090850421485
247 249 0.456130216080607
248 249 0.7516555027020929
248 250 0.7381818822605611
249 250 0.288583299965845
249 251 0.08779850304189563
250 251 0.7397824258387445
250 252 0.553425319457814
251 252 0.11208669577111163
251 253 0.04842414837676945
252 253 0.8795311539026863
252 254 0.8783820349857355
253 254 0.605158760732093
253 255 0.009369906545242612
254 255 0.9173200442613718
254 256 0.8047549618202001
255 256 0.17243816438806836
255 257 0.7802885877412722
256 257 0.7811138430840491
256 258 0.10101883408320789
257 258 0.298123982469483
257 259 0.32057146538477344
258 259 0.1711229208545837
258 260 0.8192094473294306
259 260 0.6073897122925888
259 261 0.42195114584111004
260 261 0.20143152971138434
260 262 0.4035909448591476
261 262 0.3257627373664326
261 263 0.3929457057790614
262 263 0.288816887828073
262 264 0.3621373806631517
263 264 0.5984391129739188
263 265 0.7308652144211598
264 265 0.19416169359896063
264 266 0.4371384506199305
265 266 0.019914387840261893
265 267 0.32968613425042437
266 267 0.30391572814678125
266 268 0.978894764106417
267 268 0.08010844545275442
267 269 0.87491256578873
268 269 0.4950910406282997
268 270 0.9045045042635282
269 270 0.7717088951871239
269 271 0.5744736669328095
270 271 0.5599554774345716
270 272 0.06698946611366319
271 272 0.2422529533724357
271 273 0.8871775062347831
272 273 0.545863102744234
272 274 0.9924416543927064
273 274 0.9848138492167069
273 275 0.410065195296079
274 275 0.4735297248291541
274 276 0.6552759478875071
275 276 0.662197400810909
275 277 0.5355083228868487
276 277 0.45198957899239545
276 278 0.3616542741280173
277 278 0.2648782812219449
277 279 0.9456662595681021
278 279 0.9282456256976194
278 280 0.5637483235926419
279 280 0.8612598006540343
279 281 0.5035630470559473
280 281 0.5715859557445524
280 282 0.3694512735244817
281 282 0.5253405069060216
281 283 0.5544710489249614
282 283 0.35624043179003906
282 284 0.36962929317504634
283 284 0.8620094609992577
283 285 0.6661993256221861
284 285 0.15568179675198457
284 286 0.5017269599862972
285 286 0.4516671084115027
285 287 0.44810182334235904
286 287 0.7606936570708536
286 288 0.3094249514042119
287 288 0.7804865764403901
287 289 0.01568291179859793
288 289 0.6305530203797576
288 290 0.30075453838268373
289 290 0.47033138067435276
289 291 0.765889764316937
290 291 0.6029985630732158
290 292 0.42265276296022947
291 292 0.6653268660204058
291 293 0.7601999118698447
292 293 0.22303467852445424
292 294 0.4935570802226572
293 294 0.01820275950830097
293 295 0.05969783593393985
294 295 0.9869356578404666
294 296 0.08455788828922195
295 296 0.8202891627044683
295 297 0.7893098470656549
296 297 0.5748943025512373
296 298 0.7784209558963218
297 298 0.08388218794424929
297 299 0.08095107863274986
298 299 0.07582855498490071
298 300 0.6756427675262843
299 300 0.8726499355035868
286 103 0.5575336203364357
279 16 0.7147577069059944
34 142 0.8812541864634276
Loss 0.0 13.0 0.0 0.0 0.0 14.0 0.0 0.0 0.0 97.0 0.0 0.0 0.0 8.0 0.0 0.0 0.0 8.0 0.0 0.0 0.0 73.0 0.0 0.0 0.0 86.0 0.0 0.0 0.0 4.0 0.0 0.0 0.0 58.0 0.0 0.0 0.0 16.0 0.0 0.0 0.0 28.0 0.0 0.0 0.0 63.0 0.0 0.0 0.0 33.0 0.0 0.0 0.0 7.0 0.0 0.0 0.0 43.0 0.0 0.0 0.0 60.0 0.0 0.0 0.0 57.0 0.0 0.0 0.0 93.0 0.0 0.0 0.0 61.0 0.0 0.0 0.0 97.0 0.0 0.0 0.0 35.0 0.0 0.0 0.0 30.0 0.0 0.0 0.0 99.0 0.0 0.0 0.0 74.0 0.0 0.0 0.0 37.0 0.0 0.0 0.0 4.0 0.0 0.0 0.0 19.0 0.0 0.0 0.0 23.0 0.0 0.0 0.0 76.0 0.0 0.0 0.0 27.0 0.0 0.0 0.0 39.0 0.0 0.0 0.0 76.0 0.0 0.0 0.0 47.0 0.0 0.0 0.0 68.0 0.0 0.0 0.0 22.0 0.0 0.0 0.0 52.0 0.0 0.0 0.0 20.0 0.0 0.0 0.0 67.0 0.0 0.0 0.0 81.0 0.0 0.0 0.0 88.0 0.0 0.0 0.0 60.0 0.0 0.0 0.0 44.0 0.0 0.0 0.0 83.0 0.0 0.0 0.0 70.0 0.0 0.0 0.0 19.0 0.0 0.0 0.0 92.0 0.0 0.0 0.0 28.0 0.0 0.0 0.0 45.0 0.0 0.0 0.0 21.0 0.0 0.0 0.0 83.0 0.0 0.0 0.0 11.0 0.0 0.0 0.0 10.0 0.0 0.0 0.0 53.0 0.0 0.0 0.0 36.0 0.0 0.0 0.0 24.0 0.0 0.0 0.0 57.0 0.0 0.0 0.0 67.0 0.0 0.0 0.0 44.0 0.0 0.0 0.0 11.0 0.0 0.0 0.0 8.0 0.0 0.0 0.0 90.0 0.0 0.0 0.0 8.0 0.0 0.0 0.0 26.0 0.0 0.0 0.0 81.0 0.0 0.0 0.0 72.0 0.0 0.0 0.0 34.0 0.0 0.0 0.0 69.0 0.0 0.0 0.0 70.0 0.0 0.0 0.0 41.0 0.0 0.0 0.0 76.0 0.0 0.0 0.0 2.0 0.0 0.0 0.0 7.0 0.0 0.0 0.0 87.0 0.0 0.0 0.0 16.0 0.0 0.0 0.0 48.0 0.0 48.0 