375 <--# of nodes, 750 edges 
1 2 0.26023962685272817
1 3 0.4552349804466139
2 3 0.4018480487338818
2 4 0.34363718502268714
3 4 0.11537176533593807
3 5 0.365177235372667
4 5 0.44206563947856126
4 6 0.028671895099069533
5 6 0.4669028361768507
5 7 0.31069331610411743
6 7 0.7505778937703276
6 8 0.7531409383547488
7 8 0.07960106664472133
7 9 0.2155503278914831
8 9 0.9494038823617729
8 10 0.8515956371612439
9 10 0.16608529568734898
9 11 0.3476008314301654
10 11 0.004287410225503052
10 12 0.8075015946434517
11 12 0.34966990855801816
11 13 0.13068560550488173
12 13 0.024436992112270017
12 14 0.5946616624988349
13 14 0.5670326516157614
13 15 0.5051040947722163
14 15 0.47794727800175474
14 16 0.21583867275170077
15 16 0.8241142737838271
15 17 0.09166550560364073
16 17 0.7955623761977652
16 18 0.7546450517505555
17 18 0.3811563950743322
17 19 0.3834194861904944
18 19 0.45492714167080706
18 20 0.13554196662591467
19 20 0.5452920168037951
19 21 0.6319680755924211
20 21 0.5005255717176627
20 22 0.15839580220972005
21 22 0.7684707169509336
21 23 0.5921853769022842
22 23 0.9528234171214289
22 24 0.9297434921196206
23 24 0.6810028635653803
23 25 0.9115224885923182
24 25 0.8006026761232109
24 26 0.2609438906106394
25 26 0.7076548929049211
25 27 0.48807071069737484
26 27 0.09078809741795368
26 28 0.8951650865353427
27 28 0.31742690607275614
27 29 0.16807453949087747
28 29 0.11605961528169018
28 30 0.14051110470111283
29 30 0.20481701972886845
29 31 0.40214818884570336
30 31 0.47988349152961696
30 32 0.3736843305132903
31 32 0.543374386978967
31 33 0.5336105291412346
32 33 0.6182583829973727
32 34 0.3662248608517257
33 34 0.1247489657070191
33 35 0.7382620756538225
34 35 0.826148019090701
34 36 0.2993983719554105
35 36 0.937891842099299
35 37 0.1872126873475206
36 37 0.5366266226044578
36 38 0.28204636431037255
37 38 0.24208751142640306
37 39 0.426077960249446
38 39 0.46451246078099706
38 40 0.3638065240719446
39 40 0.36615652476032845
39 41 0.20905304801893065
40 41 0.26500038189721375
40 42 0.567022265649762
41 42 0.27301551097032406
41 43 0.5384510257519654
42 43 0.508577654947789
42 44 0.5892008561985398
43 44 0.3907711745765804
43 45 0.7952852327564908
44 45 0.8430119476073494
44 46 0.7739449392474002
45 46 0.41666832294084355
45 47 0.8297177879070146
46 47 0.007822444818463947
46 48 0.42529267945774085
47 48 0.9818049128707768
47 49 0.25297832539275755
48 49 0.00585796925845361
48 50 0.735950328674668
49 50 0.09690507211247212
49 51 0.8396460827645587
50 51 0.36242098056559946
50 52 0.005431818416822609
51 52 0.23949611762773038
51 53 0.04454057539049516
52 53 0.1518433624356581
52 54 0.45669279831384557
53 54 0.8171856609771342
53 55 0.8663936798330103
54 55 0.1413901934106998
54 56 0.7405361373005606
55 56 0.17973503224651777
55 57 0.9448319391741161
56 57 0.37976496418031325
56 58 9.878369768714368E-4
57 58 0.76775506155473
57 59 0.28746751828685824
58 59 0.04182499631048564
58 60 0.30338191938382886
59 60 0.8547663443709528
59 61 0.41006058993429095
60 61 0.23922310787785006
60 62 0.5168517080017715
61 62 0.45904901258406594
61 63 0.3016542850241233
62 63 0.8019796484088295
62 64 0.6352627439158628
63 64 0.06412138952553281
63 65 0.31844881568012195
64 65 0.6536190533481243
64 66 0.5880627595883267
65 66 0.5950622075939974
65 67 0.003776445771855874
66 67 0.9068857098306531
66 68 0.9613996200880288
67 68 0.08497728314119335
67 69 0.663910235114871
68 69 0.24672966569509103
68 70 0.8800975634993619
69 70 0.0972585445944062
69 71 0.19262076622445945
70 71 0.5624509087733985
70 72 0.8984234425608385
71 72 0.8658590227122422
71 73 0.977975308278485
72 73 0.7660094702358042
72 74 0.7250397449356072
73 74 0.8510450679877697
73 75 0.830063524455175
74 75 0.014246777498896912
74 76 0.7812771633182257
75 76 0.2961496188016125
75 77 0.15517758996336406
76 77 0.7397037338645507
76 78 0.936575217745648
77 78 0.9090632960141526
77 79 0.332297741065537
78 79 0.4187173731921511
78 80 0.8780874372560882
79 80 0.6518948031267097
79 81 0.16990915965512476
80 81 0.30605523128863077
80 82 0.4047687814731995
81 82 0.8395055783460916
81 83 0.07529001059662277
82 83 0.3914788979187904
82 84 0.544215258378091
83 84 0.5762384389873999
83 85 0.884189327332428
84 85 0.6979322047085162
84 86 0.8624514911443838
85 86 0.4998982640452516
85 87 0.765656942396988
86 87 0.06551782222169522
86 88 0.2461529175547883
87 88 0.9595537355303857
87 89 0.15352530863003788
88 89 0.25295253528884476
88 90 0.7738202472654211
89 90 0.023076043637210386
89 91 0.5033709338151597
90 91 0.3258967199162023
90 92 0.4370489405565475
91 92 0.1908098300884551
91 93 0.43181337751027005
92 93 0.5045143600367774
92 94 0.9845963487817204
93 94 0.9476652867434165
93 95 0.5634459183482594
94 95 0.18521443731373677
94 96 0.028332123390442443
95 96 0.43446034021398994
95 97 0.17274493949951164
96 97 0.7313284477053064
96 98 0.530508977439353
97 98 0.7304606891934952
97 99 0.5460498015267291
98 99 0.3770804632866078
98 100 0.7739498346563614
99 100 0.8164105814977162
99 101 0.008784262467783077
100 101 0.79760735742296
100 102 0.58475766620361
101 102 0.8162984376830759
101 103 0.2163251657860824
102 103 0.15264429331417828
102 104 0.32094228599422003
103 104 0.5800034414482812
103 105 0.413744446822191
104 105 0.330125541210186
104 106 0.8154085714168728
105 106 0.3673784999235431
105 107 0.7631797708075205
106 107 0.2269527494715914
106 108 0.4175589698536788
107 108 0.1497392874422928
107 109 0.3159044214722583
108 109 0.5711098729501125
108 110 0.03979026406442632
109 110 0.9812668689254681
109 111 0.9122058385170491
110 111 0.2526109625156381
110 112 0.26041369996672814
111 112 0.12784796665870346
111 113 0.9500483356614458
112 113 0.8713352188712608
112 114 0.48351170220955153
113 114 0.3417070524641228
113 115 0.25044464074371386
114 115 0.11717641939291801
114 116 0.7461580212022174
115 116 0.824346410489609
115 117 0.7097360613478333
116 117 0.32021495455100146
116 118 0.5182828008821437
117 118 0.5057419111490787
117 119 0.5230797703204052
118 119 0.9233713634597385
118 120 0.6939164375787024
119 120 0.7403163322772364
119 121 0.042944237529365714
120 121 0.8421122024346706
120 122 0.7915008685061097
121 122 0.3201481724120425
121 123 0.7442879559895215
122 123 0.8651190566159013
122 124 0.8249849163126608
123 124 0.6114840238758045
123 125 0.751993096916008
124 125 0.10044751381606254
124 126 0.0758716406434311
125 126 0.7273804557912708
125 127 0.17991594672655853
126 127 0.49858818979378683
126 128 0.913923453149473
127 128 0.5923978988279527
127 129 0.7387454454214669
128 129 0.8664252993291578
128 130 0.7275032054653119
129 130 0.209267530936469
129 131 0.970039992590609
130 131 0.10123942709906442
130 132 0.07674811080345278
131 132 0.6474185952611611
131 133 0.2423846045906668
132 133 0.9244611955933147
132 134 0.5758014814856923
133 134 0.18202134241630163
133 135 0.9347288287996258
134 135 0.26951975648404825
134 136 0.4182866059488951
135 136 0.03404223993957589
135 137 0.5199458038559659
136 137 0.279159078982661
136 138 0.8113703914634547
137 138 0.8309598973614442
137 139 0.593684859431314
138 139 0.007107412412649561
138 140 0.3974668016695143
139 140 0.4264738301316381
139 141 0.9547409321875043
140 141 0.7313640700760002
140 142 0.3856409460581339
141 142 0.5341847801208727
141 143 0.16641703173598488
142 143 0.7353191949157096
142 144 0.8389378951248444
143 144 0.8224416947522697
143 145 0.09754007839165879
144 145 0.16812102227727344
144 146 0.2980867317881961
145 146 0.6871193970208246
145 147 0.3248538198650527
146 147 0.7571888804517628
146 148 0.7138127279382521
147 148 0.6740413596349234
147 149 0.4181966817369036
148 149 0.3030578093358415
148 150 0.9599531761612913
149 150 0.35898258297676033
149 151 0.5719287127124746
150 151 0.07077362330512038
150 152 0.6908728137062969
151 152 0.5243194554478288
151 153 0.6344221164081145
152 153 0.8702018643546058
152 154 0.6562013318708423
153 154 0.3317832195669004
153 155 0.09638334773006474
154 155 0.74535426614762
154 156 0.35302762616646055
155 156 0.4734492350942442
155 157 0.11979631355161169
156 157 0.18685028510440105
156 158 0.3140869127773285
157 158 0.6319504359800509
157 159 0.8602550203016462
158 159 0.4332396574406284
158 160 0.6548146915592318
159 160 0.4858184607691781
159 161 0.2879652872150069
160 161 0.43714079692851304
160 162 0.4534184811979487
161 162 0.5562508769452968
161 163 0.6449942939640773
162 163 0.9896019796349406
162 164 0.9512945600554986
163 164 0.0850803858904241
163 165 0.9010019431214715
164 165 0.1409147514749648
164 166 0.6516932494696329
165 166 0.5976883538272187
165 167 0.7784525911413332
166 167 0.9673467545555436
166 168 0.42241801959349823
167 168 0.44601945281548294
167 169 0.942522065924642
168 169 0.4324578406564532
168 170 0.4946640990878334
169 170 0.4892038696164053
169 171 0.33513652262750804
170 171 0.9331143432446839
170 172 0.9015226479797316
171 172 0.23747270098883821
171 173 0.777208737319673
172 173 0.5819828815284037
172 174 0.26030806568069975
173 174 0.7493371040027389
173 175 0.3865892435726407
174 175 0.11592157645330248
174 176 0.8607007489176226
175 176 0.8332748921443478
175 177 0.7032936169214187
176 177 0.017914899577100463
176 178 0.29729713014547476
177 178 0.20223856181571276
177 179 0.3601848028356408
178 179 0.5703313174373422
178 180 0.7131017993237279
179 180 0.7614388224053636
179 181 0.3567518610722792
180 181 0.31907163760539226
180 182 0.54088139591076
181 182 0.4692556979287552
181 183 0.40642169461567346
182 183 0.984553071354329
182 184 0.06230137875924757
183 184 0.5472587994537711
183 185 0.7970156195434835
184 185 0.24319660198203719
184 186 0.025640975763706497
185 186 0.8060865816189575
185 187 0.9182385901086392
186 187 0.446793485613053
186 188 0.7131174362205522
187 188 0.16060420487880334
187 189 0.7813546323169973
188 189 0.8381613688749092
188 190 0.7684055272518744
189 190 0.36036007936311965
189 191 0.09957079509720479
190 191 0.022604482317346686
190 192 0.6070145406884747
191 192 0.42087455700557974
191 193 0.39312318091059395
192 193 0.054402580510730214
192 194 0.574783006285596
193 194 0.07490080194662263
193 195 0.9070064977674888
194 195 0.5767758751042065
194 196 0.09420106619187518
195 196 0.22160843923859075
195 197 0.5442821471380462
196 197 0.7346053650998435
196 198 0.5467439318269559
197 198 0.7676564568997035
197 199 0.3097404597017943
198 199 0.0460533172374088
198 200 0.9374226121881798
199 200 0.05714861265239368
199 201 0.5368217304797196
200 201 0.906122606055791
200 202 0.2193142771930805
201 202 0.0038871724657661977
201 203 0.1888751342106063
202 203 0.2456576795836538
202 204 0.22561796469806528
203 204 0.04746146581413191
203 205 0.43850692031138205
204 205 0.8429896059901978
204 206 0.252594961175443
205 206 0.5738351590330005
205 207 0.5695402799829125
206 207 0.4121244658967851
206 208 0.8271597870072579
207 208 0.7529634623473772
207 209 0.09800604836197413
208 209 0.6092273049580201
208 210 0.8830204919132646
209 210 0.20689336836081595
209 211 0.7727651715864702
210 211 0.8991872053960732
210 212 0.23232202881152653
211 212 0.4022438378091019
211 213 0.1026685855593793
212 213 0.48289799407577383
212 214 0.10320242238934552
213 214 0.8285954278390305
213 215 0.23955882668817086
214 215 0.9371102001887518
214 216 0.5173881725874974
215 216 0.42029034074311056
215 217 0.3336777357583618
216 217 0.7689864091735842
216 218 0.960006833006409
217 218 0.9516641678656728
217 219 0.07230808864741667
218 219 0.9976032621302762
218 220 0.570585948915478
219 220 0.28679158987578934
219 221 0.8048431850992233
220 221 0.7509748480396072
220 222 0.019791443601860026
221 222 0.11880442839676664
221 223 0.9251339415780184
222 223 0.9059970110103316
222 224 0.0817310809568218
223 224 0.20719309535920127
223 225 0.4439603689245626
224 225 0.3123148102778821
224 226 0.8290147206764497
225 226 0.23212837960035937
225 227 0.23030963782528868
226 227 0.8328950280573016
226 228 0.9754158876093132
227 228 0.9985746193201868
227 229 0.3329557197232065
228 229 0.4677617044013185
228 230 0.16123095196111636
229 230 0.5744059980480123
229 231 0.6769873431204863
230 231 0.5505137124582882
230 232 0.340580390657262
231 232 0.5377082318779628
231 233 0.2576927297686329
232 233 0.8677338383506115
232 234 0.35511440967964436
233 234 0.37784299389173415
233 235 0.001289859279987482
234 235 0.1897446485884451
234 236 0.2439284748632985
235 236 0.11338263193235587
235 237 0.14625923285513032
236 237 0.6764120495327981
236 238 0.13571403616852606
237 238 0.010550414388063145
237 239 0.9468975465219508
238 239 0.23069472650899536
238 240 0.611170746956798
239 240 0.4765339143162469
239 241 0.34727683137978504
240 241 0.6251748107181888
240 242 0.20684249367934882
241 242 0.7694905614892757
241 243 0.061328915067123346
242 243 0.3586153887912604
242 244 0.6114382848292617
243 244 0.4286147168979014
243 245 0.18463862371121653
244 245 0.09756867958190452
244 246 0.47275484731086226
245 246 0.7185057052582052
245 247 0.8970980668389316
246 247 0.6637747575545976
246 248 0.7777652500411876
247 248 0.6704175550092354
247 249 0.8727274456889095
248 249 0.7433585849750287
248 250 0.36496270727347413
249 250 0.0036278986326028217
249 251 0.6037555263117901
250 251 0.9366907141365274
250 252 0.8936312609454721
251 252 0.83902307218827
251 253 0.0371069074070135
252 253 0.3151194390141314
252 254 0.9817373385328173
253 254 0.6524292658201563
253 255 0.3729425995028761
254 255 0.6993011933466775
254 256 0.1773665126719144
255 256 0.9625326223887932
255 257 0.0027018470773834125
256 257 0.6988195552905934
256 258 0.2586238559438958
257 258 0.13584515147320486
257 259 0.3226378249161128
258 259 0.5656361989827158
258 260 0.45232132095112654
259 260 0.3580848786984634
259 261 0.8424876350713427
260 261 0.7507406163131999
260 262 0.7377166798456279
261 262 0.09130336925688254
261 263 0.8473289547484258
262 263 0.2253457258192656
262 264 0.8778459822396706
263 264 0.576592916221819
263 265 0.4337071240130116
264 265 0.5216068694852404
264 266 0.30158242670958435
265 266 0.9909745489657233
265 267 0.36791314512184714
266 267 0.5112800208823929
266 268 0.1124456869057987
267 268 0.32294341357559764
267 269 0.7868001680025226
268 269 0.12400995849067831
268 270 0.06592367331579274
269 270 0.1281127530813343
269 271 0.40829113074966417
270 271 0.6574728441030706
270 272 0.6260723364526939
271 272 0.010481960899752951
271 273 0.3392863795374478
272 273 0.606031122756535
272 274 0.23981114904879908
273 274 0.8352590144485117
273 275 0.10650663908769753
274 275 0.4284997127526671
274 276 0.8581185407785618
275 276 0.8777314386651146
275 277 0.7356845558053186
276 277 0.6445195930392814
276 278 0.7087426374219593
277 278 0.3833811365003539
277 279 0.7243769741577106
278 279 0.9482343990634989
278 280 0.47543228943806837
279 280 0.5574952430038008
279 281 0.7799239255397105
280 281 0.564377303483191
280 282 0.5350378068179839
281 282 0.12587014970644028
281 283 0.6896184990628661
282 283 0.5951942250643673
282 284 0.9133474197872163
283 284 0.7566579861270606
283 285 0.8588875802402168
284 285 0.8577640140908089
284 286 0.3623515105986471
285 286 0.4578656645447493
285 287 0.49529094701029774
286 287 0.8428127378530964
286 288 0.2296895751011253
287 288 0.7103771287764644
287 289 0.35354198065916664
288 289 0.17690380992856825
288 290 0.8894324800576224
289 290 0.7691285682022827
289 291 0.3694708506056331
290 291 0.9862621130275107
290 292 0.7754377248714901
291 292 0.7023294444945881
291 293 0.5758150479279868
292 293 0.8637895442026854
292 294 0.5510096585619633
293 294 0.06738031842476033
293 295 0.10655581748013387
294 295 0.7307361303826383
294 296 0.5280954718178446
295 296 0.7559671812425848
295 297 0.29523179631137486
296 297 0.9671395096958728
296 298 0.15466583066484152
297 298 0.989381970256248
297 299 0.9434174315309041
298 299 0.5793310274608865
298 300 0.8273622166540684
299 300 0.37444399973093556
299 301 0.3777619071183831
300 301 0.5720891974368426
300 302 0.5293371944278312
301 302 0.963977339209858
301 303 0.4291313362364001
302 303 0.7720778573724076
302 304 0.5585133199389168
303 304 0.30368207808443115
303 305 1.2328572275277505E-4
304 305 0.7469112250884217
304 306 0.20676632553904928
305 306 0.5254124440178835
305 307 0.39622032450889255
306 307 0.08419197638929332
306 308 0.17353219797143793
307 308 0.24178471011067482
307 309 0.10593351137144003
308 309 0.9903862179529086
308 310 0.06615482509253401
309 310 0.3052520262781572
309 311 0.09297736262997536
310 311 0.025503139505472228
310 312 0.8247818385279848
311 312 0.5124688071240271
311 313 0.5781044965224172
312 313 0.41617755737695006
312 314 0.0137108004154185
313 314 0.643815141259685
313 315 0.8243595340245602
314 315 0.8202794884541863
314 316 0.2635984680029667
315 316 0.28566506332918606
315 317 0.839177440490471
316 317 0.6389439088112748
316 318 0.7826591072237542
317 318 0.6525253201821439
317 319 0.19508446547957103
318 319 0.1795138846080252
318 320 0.5916313018410471
319 320 0.23641755118235852
319 321 0.19806112697837963
320 321 0.06077518756873623
320 322 0.5086394831659067
321 322 0.2224246943365069
321 323 0.4222330329320314
322 323 0.9422504323505382
322 324 0.03264543306116097
323 324 0.7816363185278061
323 325 0.03285656317039676
324 325 0.2642646770506101
324 326 0.8471249695134672
325 326 0.3582455122219218
325 327 0.13929501181189452
326 327 0.021445165084354456
326 328 0.25680585595645866
327 328 0.28655077495796455
327 329 0.9713148293016889
328 329 0.009613102436710541
328 330 0.44259420429960417
329 330 0.8631746670805004
329 331 0.4661215993072799
330 331 0.5134321411056098
330 332 0.8801252888996591
331 332 0.054292024624706836
331 333 0.6748384574795704
332 333 0.04774078086616207
332 334 0.5853463564329602
333 334 0.08979535722192866
333 335 0.9195784004929126
334 335 0.575925466702907
334 336 0.2624880062589663
335 336 0.7344521835883835
335 337 0.9847800365080425
336 337 0.14569188671448685
336 338 0.862791656408102
337 338 0.02244284718108913
337 339 0.3376359985326247
338 339 0.5915900953374204
338 340 0.8649410660785456
339 340 0.20285393267162188
339 341 0.4462825043451767
340 341 0.8226698524534466
340 342 0.6183359431036554
341 342 0.46524873810621215
341 343 0.5157755879589057
342 343 0.3113177013713563
342 344 0.4126151242094056
343 344 0.7057018982182909
343 345 0.4669607663720433
344 345 0.6408490926477863
344 346 0.07377913227050381
345 346 0.3894015868153564
345 347 0.5136159017357513
346 347 0.28568407713870825
346 348 0.0827284569480985
347 348 0.29196124785140753
347 349 0.2848151771540788
348 349 0.4266609942059608
348 350 0.00918951018734604
349 350 0.0030006179626284046
349 351 0.6910150916999467
350 351 0.4629406077556064
350 352 0.2099618043406254
351 352 0.5316688169788534
351 353 0.49023413774318514
352 353 0.6665831830242019
352 354 0.056530547015079535
353 354 0.42033804327966295
353 355 0.1695100410220971
354 355 0.14196682679625616
354 356 0.4328441747190164
355 356 0.680919157932107
355 357 0.27594812185740825
356 357 0.09964066638072433
356 358 0.8913758753936463
357 358 0.5650925665649504
357 359 0.07152699249078764
358 359 0.5993863177795067
358 360 0.9365952858441837
359 360 0.6327251755809805
359 361 0.903143422005484
360 361 0.16940034518671088
360 362 0.19432331017759485
361 362 0.5467101747501953
361 363 0.6462306872116773
362 363 0.7351661850685374
362 364 0.054778856657077934
363 364 0.695268516297224
363 365 0.521430338336295
364 365 0.8162538071851114
364 366 0.35909563779481724
365 366 0.5387604125622294
365 367 0.38113052163060324
366 367 0.45929551682662484
366 368 0.2599828992009069
367 368 0.26210903439267963
367 369 0.08594237224881329
368 369 0.23891249658807934
368 370 0.10052266531729481
369 370 0.31334495222793113
369 371 0.4291137633506995
370 371 0.9890450389727248
370 372 0.6809002552484856
371 372 0.9579656287209667
371 373 0.8869048635494906
372 373 0.3340634556916816
372 374 0.0544926246348203
373 374 0.5135698023966976
373 375 0.3586674370226052
374 375 0.5467398080785109
125 365 0.8723219692160623
335 308 0.684810752003972
201 246 0.4369259499263414
Loss 0.0 32.0 0.0 0.0 0.0 90.0 0.0 0.0 0.0 20.0 0.0 0.0 0.0 44.0 0.0 0.0 0.0 60.0 0.0 0.0 0.0 56.0 0.0 0.0 0.0 33.0 0.0 0.0 0.0 80.0 0.0 0.0 0.0 45.0 0.0 0.0 0.0 47.0 0.0 0.0 0.0 37.0 0.0 0.0 0.0 46.0 0.0 0.0 0.0 26.0 0.0 0.0 0.0 88.0 0.0 0.0 0.0 72.0 0.0 0.0 0.0 33.0 0.0 0.0 0.0 91.0 0.0 0.0 0.0 92.0 0.0 0.0 0.0 41.0 0.0 0.0 0.0 39.0 0.0 0.0 0.0 64.0 0.0 0.0 0.0 43.0 0.0 0.0 0.0 36.0 0.0 0.0 0.0 44.0 0.0 0.0 0.0 74.0 0.0 0.0 0.0 24.0 0.0 0.0 0.0 55.0 0.0 0.0 0.0 76.0 0.0 0.0 0.0 13.0 0.0 0.0 0.0 25.0 0.0 0.0 0.0 44.0 0.0 0.0 0.0 54.0 0.0 0.0 0.0 83.0 0.0 0.0 0.0 50.0 0.0 0.0 0.0 53.0 0.0 0.0 0.0 85.0 0.0 0.0 0.0 11.0 0.0 0.0 0.0 27.0 0.0 0.0 0.0 97.0 0.0 0.0 0.0 97.0 0.0 0.0 0.0 0.0 0.0 0.0 0.0 1.0 0.0 0.0 0.0 71.0 0.0 0.0 0.0 26.0 0.0 0.0 0.0 43.0 0.0 0.0 0.0 48.0 0.0 0.0 0.0 42.0 0.0 0.0 0.0 14.0 0.0 0.0 0.0 27.0 0.0 0.0 0.0 53.0 0.0 0.0 0.0 18.0 0.0 0.0 0.0 10.0 0.0 0.0 0.0 98.0 0.0 0.0 0.0 42.0 0.0 0.0 0.0 90.0 0.0 0.0 0.0 42.0 0.0 0.0 0.0 55.0 0.0 0.0 0.0 76.0 0.0 0.0 0.0 70.0 0.0 0.0 0.0 20.0 0.0 0.0 0.0 16.0 0.0 0.0 0.0 15.0 0.0 0.0 0.0 36.0 0.0 0.0 0.0 65.0 0.0 0.0 0.0 83.0 0.0 0.0 0.0 5.0 0.0 0.0 0.0 72.0 0.0 0.0 0.0 53.0 0.0 0.0 0.0 12.0 0.0 0.0 0.0 32.0 0.0 0.0 0.0 96.0 0.0 0.0 0.0 33.0 0.0 0.0 0.0 87.0 0.0 0.0 0.0 43.0 0.0 0.0 0.0 83.0 0.0 0.0 0.0 82.0 0.0 0.0 0.0 11.0 0.0 0.0 0.0 1.0 0.0 0.0 0.0 63.0 0.0 0.0 0.0 19.0 0.0 0.0 0.0 43.0 0.0 0.0 0.0 5.0 0.0 0.0 0.0 82.0 0.0 0.0 0.0 4.0 0.0 0.0 0.0 0.0 0.0 0.0 0.0 27.0 0.0 0.0 0.0 47.0 0.0 0.0 0.0 18.0 0.0 0.0 0.0 51.0 0.0 0.0 0.0 10.0 0.0 0.0 0.0 74.0 0.0 0.0 0.0 78.0 0.0 0.0 0.0 5.0 0.0 0.0 0.0 60.0 79.0 