425 <--# of nodes, 850 edges 
1 2 0.004212108435287409
1 3 0.5535601302016766
2 3 0.6019968920697573
2 4 0.7265890110019233
3 4 0.24410980454833942
3 5 0.5656507003775809
4 5 0.1525213785453965
4 6 0.7403920699103753
5 6 0.6866569671703239
5 7 0.2449135215055258
6 7 0.36027383811892366
6 8 0.31035956754045724
7 8 0.2440311585928142
7 9 0.31978044577831355
8 9 0.655952610855391
8 10 0.6333311719743582
9 10 0.10387574711995484
9 11 0.36896231956528025
10 11 0.8915087006455309
10 12 0.7355568454576761
11 12 0.8940157761663119
11 13 0.95910914236886
12 13 0.36350058225551907
12 14 0.22326030572081002
13 14 0.271813724530209
13 15 0.3313933586032002
14 15 0.20380792849982332
14 16 0.5418969011978176
15 16 0.9656140134071838
15 17 0.6818869739742783
16 17 0.023474131237609774
16 18 0.6568620558775728
17 18 0.3893156679281856
17 19 0.4834611288417613
18 19 0.3334279559846389
18 20 0.08768546452236348
19 20 0.7582804977305755
19 21 0.007435810571696733
20 21 0.11781503481701339
20 22 0.9587623875347725
21 22 0.5670697218016104
21 23 0.9492691864203565
22 23 0.4758954832559701
22 24 0.9683438248142514
23 24 0.14099499544902605
23 25 0.4424888224091811
24 25 0.8343459218817931
24 26 0.5207348890978098
25 26 0.2828675520420575
25 27 0.9711207829677669
26 27 0.31968062969133126
26 28 0.459679191168198
27 28 0.30889837892475225
27 29 0.8632897966732942
28 29 0.1138784474149166
28 30 0.2879507420098445
29 30 0.09262512311279503
29 31 0.1564813477934207
30 31 0.11057865866498551
30 32 0.28654643120916756
31 32 0.42792285476658465
31 33 0.02305087633409242
32 33 0.16566633030991207
32 34 0.19709033406951515
33 34 0.39049367067606
33 35 0.3938295835834805
34 35 0.21408245514764523
34 36 0.1889292500708415
35 36 0.28327305915759093
35 37 0.6069553709536548
36 37 0.8070302593690862
36 38 0.9291449788139237
37 38 0.39272626937668365
37 39 0.9417173433687777
38 39 0.651067131552387
38 40 0.8853370492213658
39 40 0.4098701465176249
39 41 0.9692245114334013
40 41 0.30672550914111807
40 42 0.0424217316130544
41 42 0.3068296793465438
41 43 0.007600237759095241
42 43 0.25753774238717464
42 44 0.5925781870600091
43 44 0.8806819945902594
43 45 0.511839496210756
44 45 0.903919869612303
44 46 0.7123306160745823
45 46 0.544210957349921
45 47 0.847713020713727
46 47 0.8306414726208406
46 48 0.7887793684250558
47 48 0.9731519184860892
47 49 0.13557271608891608
48 49 0.2731569478644602
48 50 0.466050970358001
49 50 0.42310150422682047
49 51 0.7840376714242924
50 51 0.9784647208124915
50 52 0.807524575195022
51 52 0.7377105130469224
51 53 0.44232547228553376
52 53 0.2883088779898386
52 54 0.5629952341864065
53 54 0.2505283830538182
53 55 0.5271864109476315
54 55 0.8521306706048385
54 56 0.8316819962034513
55 56 0.5100977104622803
55 57 0.06511324408044317
56 57 0.7658415934792621
56 58 0.9280345514363765
57 58 0.4102538856717649
57 59 0.11757943003006477
58 59 0.8128858070518348
58 60 0.1081281322535681
59 60 0.891732341408422
59 61 0.3842211320777681
60 61 0.7245574793966624
60 62 0.43996478818861895
61 62 0.3372232930537138
61 63 0.22059023704906078
62 63 0.042312682780836997
62 64 0.23043091231468404
63 64 0.9407542001702507
63 65 0.2313302046446467
64 65 0.8875054855927906
64 66 0.826774935397972
65 66 0.3597381365399437
65 67 0.21809402534975464
66 67 0.5455283057309378
66 68 0.8084386848620126
67 68 0.07054551778103035
67 69 0.7349130553862089
68 69 0.9252827143815054
68 70 0.6273916328623295
69 70 0.9147543004395184
69 71 0.8860499946732253
70 71 0.714746576436156
70 72 0.20861286484953245
71 72 0.8690012884102306
71 73 0.6263589541353951
72 73 0.6111219027841348
72 74 0.7967316475874808
73 74 0.033386078333552005
73 75 0.19762142185075715
74 75 0.5643127598784087
74 76 0.05694576956449715
75 76 0.48084790900269303
75 77 0.7134752914175252
76 77 0.17539144409966645
76 78 0.13747868523455475
77 78 0.4413012955372281
77 79 0.36969130187245647
78 79 0.9603292954958934
78 80 0.7383604628234315
79 80 0.9942075779459263
79 81 0.6023471282269952
80 81 0.8094297653100232
80 82 0.7355710715694087
81 82 0.9842231665357641
81 83 0.15882637139019185
82 83 0.5444097268295488
82 84 0.18096361102326342
83 84 0.29559878849310706
83 85 0.2999227520723954
84 85 0.06989260181377221
84 86 0.6002260027144533
85 86 0.4138999447317262
85 87 0.943542591448613
86 87 0.2717646256908116
86 88 0.4938779754733026
87 88 0.4792560250135439
87 89 0.43131372773637744
88 89 0.8867218685765212
88 90 0.9760349449553324
89 90 0.8323934166242333
89 91 0.21802533089092235
90 91 0.004055526913898988
90 92 0.14079635139799618
91 92 0.7580937703401379
91 93 0.95513996093358
92 93 0.937696135796485
92 94 0.11119720097444385
93 94 0.8045645222347683
93 95 0.8280960830392847
94 95 0.5050867246165263
94 96 0.7689095530077952
95 96 0.2664122978626893
95 97 0.1577867738999139
96 97 0.47950939510550394
96 98 0.6977126528688485
97 98 0.9287350339089655
97 99 0.13346832844295708
98 99 0.24548102586117038
98 100 0.9294587781132889
99 100 0.2234478286130196
99 101 0.5861154542297705
100 101 0.8597118453037591
100 102 0.6277897673781617
101 102 0.473926774537473
101 103 0.21950390172259704
102 103 0.9876587316869458
102 104 0.7641381496605997
103 104 0.2049292068068983
103 105 0.10646475859657045
104 105 0.14944800241071488
104 106 0.4781393076652337
105 106 0.7150831575001213
105 107 0.35365985646007136
106 107 0.21046580599758735
106 108 0.6424851116054446
107 108 0.7311490478534123
107 109 0.7529643353892961
108 109 0.5540564432052212
108 110 0.18193061054591986
109 110 0.8670783790929947
109 111 0.2582461840705488
110 111 0.6297030248876445
110 112 0.9565823258199403
111 112 0.5834306604538153
111 113 0.29044450493757645
112 113 0.21283529369879017
112 114 0.7842543445305172
113 114 0.4371895071751407
113 115 0.001348313578833804
114 115 0.7659649286124146
114 116 0.3306807971716498
115 116 0.5662766240193252
115 117 0.7200516100018326
116 117 0.2971764261076788
116 118 0.06264385954555285
117 118 0.07910017978371109
117 119 0.9633717948659328
118 119 0.24668200002632723
118 120 0.8086813091927404
119 120 0.34337358135312246
119 121 0.24403322418901885
120 121 0.7914682911468409
120 122 0.8581189708973374
121 122 0.20486033458114528
121 123 0.06778985969826767
122 123 0.1975459855751156
122 124 0.1826936133728766
123 124 0.667870867045568
123 125 0.6602378470520578
124 125 0.09356541808793728
124 126 0.9859152883656227
125 126 0.3223649813272803
125 127 0.02509542130922593
126 127 0.658879706411368
126 128 0.41440074958606776
127 128 0.003803733979748758
127 129 0.3865625266954773
128 129 0.3730117818307762
128 130 0.02637267608924221
129 130 0.30789532086373206
129 131 0.8595154499654749
130 131 0.5023008173352068
130 132 0.25199449498629045
131 132 0.9203859635172744
131 133 0.8901251466449459
132 133 0.5105131752470234
132 134 0.7030105162730325
133 134 0.7749596762573444
133 135 0.9345346389921739
134 135 0.6670437219989528
134 136 0.7319036780144392
135 136 0.7337033379497295
135 137 0.7674941881427298
136 137 0.19790079947496475
136 138 0.8196600578103157
137 138 0.17755442868974713
137 139 0.9185201198062528
138 139 0.7457889248498362
138 140 0.32373945790425707
139 140 0.2331482008504162
139 141 0.11974150942886397
140 141 0.9492444062577711
140 142 0.22596420001045947
141 142 0.7375657266456567
141 143 0.9419819074741733
142 143 0.6515643802571548
142 144 0.9283310969233989
143 144 0.3890372480892854
143 145 0.5288605196382126
144 145 0.45466719967061253
144 146 0.8990423797058756
145 146 0.5359247808426777
145 147 0.1361262648814705
146 147 0.11589112590028883
146 148 0.4675875215231935
147 148 0.064602426389193
147 149 0.16426545009022442
148 149 0.366515621089319
148 150 0.034620814851089365
149 150 0.33753508556477974
149 151 0.74511159100318
150 151 0.7754912801768253
150 152 0.13296352151997703
151 152 0.5977935398050458
151 153 0.8143247054114219
152 153 0.09206513030678687
152 154 0.6700130737916403
153 154 0.8004708776727599
153 155 0.9266362413263437
154 155 0.17396747730128148
154 156 0.6143850844663247
155 156 0.333703661179899
155 157 0.1955800682802018
156 157 0.9993723732505457
156 158 0.7137621830772884
157 158 0.8815463835625912
157 159 0.5853866221672023
158 159 0.7437088778513743
158 160 0.7119968630624652
159 160 0.5448593413747078
159 161 0.4951050816109177
160 161 0.9958018051364413
160 162 0.6776705577348762
161 162 0.3455819632436983
161 163 0.1240988347579779
162 163 0.6133725109508933
162 164 0.7474991491090148
163 164 0.33136609048552934
163 165 0.5439274823089622
164 165 0.5525573967686492
164 166 0.511530640283563
165 166 0.0857930513450541
165 167 0.6626742443035627
166 167 0.17092694541079012
166 168 0.5637870265976022
167 168 0.3577677616118191
167 169 0.4791467063184216
168 169 0.10688509122928702
168 170 0.7992147824527709
169 170 0.1956213943756694
169 171 0.5242754560070041
170 171 0.9513257598555361
170 172 0.6999859005342309
171 172 0.25977990485757096
171 173 0.6635578818436133
172 173 0.9387287391123155
172 174 0.6286051204533106
173 174 0.7363617268019224
173 175 0.07699130105683827
174 175 0.6738863038222063
174 176 0.0813551187188366
175 176 0.7681260911751889
175 177 0.6850050079956822
176 177 0.10386556499922861
176 178 0.30013925018569154
177 178 0.43450470267295105
177 179 0.7860146339477355
178 179 0.9367599536930192
178 180 0.17570416464047955
179 180 0.8255226458454052
179 181 0.8213766610292774
180 181 0.6298282404027996
180 182 0.24483000249264186
181 182 0.7534248553907148
181 183 0.5160874413450902
182 183 0.08017351325273225
182 184 0.9236215871274436
183 184 0.2985828502230924
183 185 0.16952046153443023
184 185 0.39630843340379884
184 186 0.7472922737493709
185 186 0.35630845172446457
185 187 0.5910490699056337
186 187 0.607638910279331
186 188 0.3482304654114382
187 188 0.6646168741808764
187 189 0.8040458791555375
188 189 0.5804498418392432
188 190 0.9422336408931695
189 190 0.9444348082077967
189 191 0.6435665455781645
190 191 0.582463625780902
190 192 0.4961691470815198
191 192 0.9932396527127525
191 193 0.1475284126439771
192 193 0.31354219329917576
192 194 0.33329078413451196
193 194 0.7298833706326139
193 195 0.6335317761545813
194 195 0.7050993636704257
194 196 0.8715876461555512
195 196 0.2558597891605796
195 197 0.23876340397774398
196 197 0.29834148925425197
196 198 0.014042295224495183
197 198 0.05978424060192988
197 199 0.7362241322856563
198 199 0.7517044478548196
198 200 0.7318787100549728
199 200 0.6996203514134332
199 201 0.23126835446102356
200 201 0.6449514884138074
200 202 0.20464640568890669
201 202 0.2507464438212982
201 203 0.8429422452256268
202 203 0.045958693606614864
202 204 0.6004527265173066
203 204 0.9218547568063518
203 205 0.3556263341417868
204 205 0.6069939543756264
204 206 0.03628439004456818
205 206 0.19329335591882812
205 207 0.6850555417107719
206 207 0.4763284832761906
206 208 0.3628733785879913
207 208 0.9464613464011842
207 209 0.3012104656724114
208 209 0.5723814640450661
208 210 0.9058317692991643
209 210 0.43045496111131687
209 211 0.062364459074190304
210 211 0.79221907004844
210 212 0.5640523960066447
211 212 0.1181273768579304
211 213 0.632874993264313
212 213 0.6206796613865367
212 214 0.2718476941378618
213 214 0.47641247280997245
213 215 0.6741512843045593
214 215 0.36536928971578875
214 216 0.9925090437746777
215 216 0.19763876584836526
215 217 0.525681016748405
216 217 0.7857495314597146
216 218 0.17223408674882834
217 218 0.7202961811002605
217 219 0.1424565673300604
218 219 0.3429926590695116
218 220 0.693753620927696
219 220 0.5858882194143978
219 221 0.02771052897909132
220 221 0.1986926208275288
220 222 0.5093884662416808
221 222 0.2231726012828219
221 223 0.3248456351638781
222 223 0.8199149258403984
222 224 0.5091604809819912
223 224 0.9190911947601281
223 225 0.8720627563902924
224 225 0.06266248490025794
224 226 0.8063610545532556
225 226 0.3769076878177062
225 227 0.07908960997776993
226 227 0.5432648326367906
226 228 0.9653278529843081
227 228 0.1771310750228542
227 229 0.8957995988520189
228 229 0.3968645596980038
228 230 0.4325097324864846
229 230 0.7889846312183451
229 231 0.06731516841279495
230 231 0.45742119626613875
230 232 0.2217822398780389
231 232 0.5960968605969089
231 233 0.8853856455852354
232 233 0.7786633811730391
232 234 0.4087482900396677
233 234 0.3163629259549766
233 235 0.36688517699535705
234 235 0.35488012773428457
234 236 0.28606638190900746
235 236 0.5207391201758198
235 237 0.37496765679063704
236 237 0.7269583409050419
236 238 0.1397733097727547
237 238 0.2786597451433682
237 239 0.6553687823319299
238 239 0.7318580746300968
238 240 0.059115076286096024
239 240 0.4290145073489513
239 241 0.14675577098891102
240 241 0.3336880464041839
240 242 0.961228333186814
241 242 0.773295047492167
241 243 0.3085421867264865
242 243 0.2710618592821705
242 244 0.015078506243677792
243 244 0.049753033588173845
243 245 0.909071535185463
244 245 0.7063383915101729
244 246 0.5063303266893456
245 246 0.3658799335425411
245 247 0.20911294093746813
246 247 0.8919435913144791
246 248 0.6285444598325578
247 248 0.37622315549404384
247 249 0.5559058891951745
248 249 0.6422495085226698
248 250 0.16956177214860335
249 250 0.6326232741501749
249 251 0.06731192402625685
250 251 0.08346919492626437
250 252 0.4143513418453746
251 252 0.3741349812955659
251 253 0.27329896404528775
252 253 0.9851041257329325
252 254 0.6134509420414074
253 254 0.47510291660389425
253 255 0.012657615548109735
254 255 0.2016994760581583
254 256 0.49084930914387626
255 256 0.4806918693078782
255 257 0.6014914513926901
256 257 0.8179733738034487
256 258 0.003520529449165588
257 258 0.7117815124859337
257 259 0.14821168836171372
258 259 0.17413584213624522
258 260 0.5177285307914601
259 260 0.7698925779967853
259 261 0.0056835164431610075
260 261 0.10124944073759345
260 262 0.27625697660065474
261 262 0.3953150612532417
261 263 0.42587407765881924
262 263 0.07092157063155358
262 264 0.5849581731214092
263 264 0.8986561810421321
263 265 0.8058547311574789
264 265 0.7573453754629353
264 266 0.23904814078214798
265 266 0.9502535949541849
265 267 0.1550673780798032
266 267 0.07683179606641422
266 268 0.5885267836604351
267 268 0.3734241644664139
267 269 0.43681156110820585
268 269 0.9562556962099807
268 270 0.525034761174445
269 270 0.5814821681640893
269 271 0.021261408193808506
270 271 0.6221245820395297
270 272 0.6672332832906931
271 272 0.5865616029488677
271 273 0.9756005473365357
272 273 0.944489943327397
272 274 0.06537530445994899
273 274 0.7117978717554468
273 275 0.3416922200632848
274 275 0.2154259538903528
274 276 0.14714532729422358
275 276 0.7230612614446423
275 277 0.5637269075504857
276 277 0.4455862250276865
276 278 0.4614900534692351
277 278 0.9577711559511245
277 279 0.2745667201200821
278 279 0.6848260350055437
278 280 0.5924336382830946
279 280 0.8401144256165182
279 281 0.7793524412693157
280 281 0.48781532414483086
280 282 0.15447095838355618
281 282 0.06612862930209051
281 283 0.7458821975416121
282 283 0.4229286020129496
282 284 0.6111186926695538
283 284 0.8539888310896827
283 285 0.7864127225778064
284 285 0.7628436919868713
284 286 0.5160998189542437
285 286 0.8279651546078869
285 287 0.1919445510336294
286 287 0.9414053615515152
286 288 0.18189933672144765
287 288 0.11653475029411009
287 289 0.5781363477435152
288 289 0.5926618168232145
288 290 0.8499854432511146
289 290 0.36317229259760464
289 291 0.8060185154022074
290 291 0.26023477089732583
290 292 0.3201236125647975
291 292 0.9480564483533434
291 293 0.9387870351774762
292 293 0.20571434878340056
292 294 0.10919824647818632
293 294 0.9950750373394994
293 295 0.28565168550387776
294 295 0.6072149768771731
294 296 0.35325413222524993
295 296 0.13157726102039202
295 297 0.19517839903158973
296 297 0.3922937765936265
296 298 0.6335923617575921
297 298 0.1161736727696514
297 299 0.9868730235415023
298 299 0.5301080355613615
298 300 0.8966652879360686
299 300 0.46338774581274955
299 301 0.47580212616859585
300 301 0.06899791344774442
300 302 0.9167336972785681
301 302 0.9213347263027333
301 303 0.16577690864250516
302 303 0.37449262954453777
302 304 0.06503699746071667
303 304 0.07909235760916689
303 305 0.700696129382469
304 305 0.3692293170965517
304 306 0.5290691057331421
305 306 0.8517411193270826
305 307 0.049700576344750225
306 307 0.9223981672414967
306 308 0.3230355604190146
307 308 0.915029432713738
307 309 0.127502832033473
308 309 0.0863965421183327
308 310 0.407218591275359
309 310 0.461811109814381
309 311 0.8540447850596143
310 311 0.6926049229227299
310 312 0.4443737645463337
311 312 0.7904699079849459
311 313 0.06090578634229238
312 313 0.3934428166491223
312 314 0.41751259121343576
313 314 0.20476801063440697
313 315 0.9377624907007822
314 315 0.5041996562511526
314 316 0.16774507071427747
315 316 0.09569218115939815
315 317 0.4767097938292032
316 317 0.5393521467285436
316 318 0.29758045649452924
317 318 0.9611433712354007
317 319 0.16970135623525395
318 319 0.4128326721024792
318 320 0.29573307646952063
319 320 0.4802046378788547
319 321 0.8162087858437954
320 321 0.735981838911439
320 322 0.9885599796260826
321 322 0.3980679675512967
321 323 0.7223229722127904
322 323 0.05693389719634523
322 324 0.4804505399235164
323 324 0.9849904327792798
323 325 0.2649721287319079
324 325 0.5251580393488634
324 326 0.7090974232071607
325 326 0.05144050972715175
325 327 0.9519989391616017
326 327 0.6659793249745569
326 328 0.5868381034413903
327 328 0.8440992904994548
327 329 0.28788824696098747
328 329 0.32030018994063336
328 330 0.7276017415696002
329 330 0.2117735773201369
329 331 0.8692983710787474
330 331 0.3122434085826644
330 332 0.8383167522966084
331 332 0.17154430612204075
331 333 0.8964860708722606
332 333 0.24920131814560875
332 334 0.6828022952474275
333 334 0.4020825356169382
333 335 0.4847292418609873
334 335 0.04391354728683339
334 336 0.07255247951894261
335 336 0.29619674450330324
335 337 0.7776543606889575
336 337 0.8262495775963226
336 338 0.707534005893204
337 338 0.01554104088043462
337 339 0.7262458095802317
338 339 0.2552394998125489
338 340 0.03338317592212314
339 340 0.6966948999466466
339 341 0.009827655530747381
340 341 0.18355250649317478
340 342 0.03321281016693789
341 342 0.7997623956755011
341 343 0.7390422658736275
342 343 0.42848126703456846
342 344 0.3758525853074285
343 344 0.8790397551774848
343 345 0.44662959691282256
344 345 0.48389061850516335
344 346 0.6981907602025152
345 346 0.8099995011432686
345 347 0.012703747619911998
346 347 0.5937019098924459
346 348 0.7014936700506663
347 348 0.5133628098709165
347 349 0.009204980863192436
348 349 0.009215420082970494
348 350 0.013829683274508953
349 350 0.1837574391204485
349 351 0.18717262799144718
350 351 0.0637552640916994
350 352 0.6118189470329227
351 352 0.6696042606908466
351 353 0.008515376350873516
352 353 0.3946473845512387
352 354 0.6899314523558705
353 354 0.9308615776004983
353 355 0.6831270396555331
354 355 0.3675734995286093
354 356 0.9805200050017673
355 356 0.317960837643919
355 357 0.24619659058508425
356 357 0.6145750648394057
356 358 0.02501385606141293
357 358 0.29131185925693626
357 359 0.0751303803358705
358 359 0.30473107948060985
358 360 0.5318759208750246
359 360 0.09537884812417807
359 361 0.45476686121099497
360 361 0.24324727716142724
360 362 0.3138424513121594
361 362 0.26588736084550824
361 363 0.6183279332361562
362 363 0.980657570546996
362 364 0.8713298962966711
363 364 0.3469771280078465
363 365 0.6835313153671547
364 365 0.36143009672353854
364 366 0.020819162824586956
365 366 0.045009482321102356
365 367 0.5285593369563722
366 367 0.9823738755666068
366 368 0.5608709696036082
367 368 0.41777381800070224
367 369 0.8824289216806498
368 369 0.3627599318939355
368 370 0.05751677709384717
369 370 0.09416702681988032
369 371 0.5766484229873068
370 371 0.7719428518628304
370 372 0.1632685349569052
371 372 0.886895526044892
371 373 0.8367552779037829
372 373 0.38966663732566764
372 374 0.028567793233820638
373 374 0.67894771225165
373 375 0.20237661740260704
374 375 0.4117090278527006
374 376 0.8588491328937052
375 376 0.822052879895434
375 377 0.07939485722161577
376 377 0.3879574806774072
376 378 0.2636551169348791
377 378 0.32519340990912915
377 379 0.06254468912356215
378 379 0.5675222762785147
378 380 0.3797808031886023
379 380 0.16378651805419142
379 381 0.4383935827120514
380 381 0.66339396401565
380 382 0.542898874689221
381 382 0.9528060769950819
381 383 0.09036214992416947
382 383 0.9020068488924908
382 384 0.6471995306069371
383 384 0.5952884676022396
383 385 0.7644597213755898
384 385 0.11287974588098315
384 386 0.36709527743136705
385 386 0.1308971979815462
385 387 0.0428562795506664
386 387 0.3842165886799239
386 388 0.09084782590677398
387 388 0.5993274111102589
387 389 0.6476411867990622
388 389 0.543149125618904
388 390 0.008020258666739166
389 390 0.46705918005974345
389 391 0.35385227127815366
390 391 0.29186193205954936
390 392 0.23071818296824587
391 392 0.38486571586061424
391 393 0.13517662678309106
392 393 0.6434129177370135
392 394 0.5965584959917243
393 394 0.9601871731439859
393 395 0.24966173568110994
394 395 0.4902226245477227
394 396 0.6511231175776462
395 396 0.8332910892677501
395 397 0.8247649202723679
396 397 0.2933543918260242
396 398 0.7307245732827279
397 398 0.04985003977581126
397 399 0.7487941880848903
398 399 0.02259490308269474
398 400 0.7758000832014652
399 400 0.30947342963080415
399 401 0.1454548825184414
400 401 0.1378394920410252
400 402 0.9101363617292186
401 402 0.2910141770219913
401 403 0.6642131763860093
402 403 0.49015262438735774
402 404 0.3712110601981642
403 404 0.99495836378688
403 405 0.44351469206354
404 405 0.7376399496784779
404 406 0.44420619256705607
405 406 0.2652775295464621
405 407 0.885309490073899
406 407 0.3781037845573635
406 408 0.021674096604994975
407 408 0.4723590597575278
407 409 0.12616663461776234
408 409 0.4305513833099537
408 410 6.016357123951321E-4
409 410 0.8245841850085475
409 411 0.7735183193288657
410 411 0.920006932064514
410 412 0.29891566139204595
411 412 0.8883450346207152
411 413 0.16377671165505903
412 413 0.4405035643150039
412 414 0.29293143669747046
413 414 0.7026821660065643
413 415 0.20568503238910063
414 415 0.3154160177339167
414 416 0.8605921338728746
415 416 0.2526620905680912
415 417 0.5427822446846443
416 417 0.8831374178701288
416 418 0.302454305799401
417 418 0.3419442600804127
417 419 0.10265263579818251
418 419 0.2545256167475485
418 420 0.37081034758464404
419 420 0.28821207510863833
419 421 0.06741118102822596
420 421 0.5420984534343788
420 422 0.7446279551310796
421 422 0.8166237365334474
421 423 0.5260451491831359
422 423 0.22961407794100785
422 424 0.03260328375556654
423 424 0.41881921398711897
423 425 0.8482617028161781
424 425 0.41344593855509504
131 81 0.016500843123820164
403 9 0.2287409482749685
184 148 0.8826831008342328
Loss 0.0 16.0 0.0 0.0 0.0 88.0 0.0 0.0 0.0 1.0 0.0 0.0 0.0 51.0 0.0 0.0 0.0 75.0 0.0 0.0 0.0 42.0 0.0 0.0 0.0 43.0 0.0 0.0 0.0 57.0 0.0 0.0 0.0 51.0 0.0 0.0 0.0 3.0 0.0 0.0 0.0 23.0 0.0 0.0 0.0 14.0 0.0 0.0 0.0 46.0 0.0 0.0 0.0 63.0 0.0 0.0 0.0 50.0 0.0 0.0 0.0 64.0 0.0 0.0 0.0 73.0 0.0 0.0 0.0 84.0 0.0 0.0 0.0 51.0 0.0 0.0 0.0 33.0 0.0 0.0 0.0 60.0 0.0 0.0 0.0 51.0 0.0 0.0 0.0 45.0 0.0 0.0 0.0 42.0 0.0 0.0 0.0 13.0 0.0 0.0 0.0 20.0 0.0 0.0 0.0 4.0 0.0 0.0 0.0 22.0 0.0 0.0 0.0 70.0 0.0 0.0 0.0 18.0 0.0 0.0 0.0 88.0 0.0 0.0 0.0 48.0 0.0 0.0 0.0 24.0 0.0 0.0 0.0 78.0 0.0 0.0 0.0 10.0 0.0 0.0 0.0 37.0 0.0 0.0 0.0 47.0 0.0 0.0 0.0 49.0 0.0 0.0 0.0 30.0 0.0 0.0 0.0 55.0 0.0 0.0 0.0 17.0 0.0 0.0 0.0 53.0 0.0 0.0 0.0 79.0 0.0 0.0 0.0 69.0 0.0 0.0 0.0 23.0 0.0 0.0 0.0 38.0 0.0 0.0 0.0 41.0 0.0 0.0 0.0 76.0 0.0 0.0 0.0 57.0 0.0 0.0 0.0 20.0 0.0 0.0 0.0 35.0 0.0 0.0 0.0 36.0 0.0 0.0 0.0 17.0 0.0 0.0 0.0 6.0 0.0 0.0 0.0 3.0 0.0 0.0 0.0 72.0 0.0 0.0 0.0 50.0 0.0 0.0 0.0 88.0 0.0 0.0 0.0 28.0 0.0 0.0 0.0 96.0 0.0 0.0 0.0 80.0 0.0 0.0 0.0 68.0 0.0 0.0 0.0 20.0 0.0 0.0 0.0 43.0 0.0 0.0 0.0 24.0 0.0 0.0 0.0 4.0 0.0 0.0 0.0 6.0 0.0 0.0 0.0 77.0 0.0 0.0 0.0 87.0 0.0 0.0 0.0 80.0 0.0 0.0 0.0 30.0 0.0 0.0 0.0 65.0 0.0 0.0 0.0 38.0 0.0 0.0 0.0 85.0 0.0 0.0 0.0 4.0 0.0 0.0 0.0 50.0 0.0 0.0 0.0 92.0 0.0 0.0 0.0 23.0 0.0 0.0 0.0 54.0 0.0 0.0 0.0 74.0 0.0 0.0 0.0 54.0 0.0 0.0 0.0 2.0 0.0 0.0 0.0 24.0 0.0 0.0 0.0 65.0 0.0 0.0 0.0 93.0 0.0 0.0 0.0 86.0 0.0 0.0 0.0 77.0 0.0 0.0 0.0 71.0 0.0 0.0 0.0 49.0 0.0 0.0 0.0 56.0 0.0 0.0 0.0 69.0 0.0 0.0 0.0 54.0 0.0 0.0 0.0 78.0 0.0 0.0 0.0 58.0 0.0 0.0 0.0 47.0 0.0 0.0 0.0 75.0 0.0 0.0 0.0 47.0 0.0 0.0 0.0 3.0 0.0 0.0 0.0 27.0 0.0 0.0 0.0 60.0 0.0 0.0 0.0 86.0 0.0 0.0 0.0 5.0 0.0 0.0 0.0 29.0 0.0 0.0 0.0 90.0 0.0 0.0 0.0 2.0 0.0 0.0 0.0 28.0 0.0 0.0 80.0 