450 <--# of nodes, 900 edges 
1 2 0.18866785626992577
1 3 0.5774591769096759
2 3 0.6680669078107989
2 4 0.25117110008116095
3 4 0.91395012105852
3 5 0.32191903583334924
4 5 0.6589126520967981
4 6 0.29231067713719006
5 6 0.6840219373481012
5 7 0.5647131991722303
6 7 0.28972772366566146
6 8 0.887191943764333
7 8 0.5222531410822224
7 9 0.45870893631292453
8 9 0.33293390317729477
8 10 0.8754312016265222
9 10 0.06122400448122911
9 11 0.09256164425767899
10 11 0.5183433325144334
10 12 0.3548390966677284
11 12 0.48011749107900636
11 13 0.684297987172949
12 13 0.06823789125736623
12 14 0.9179665406994385
13 14 0.41188462513259516
13 15 0.8334799931640127
14 15 0.13890476883533942
14 16 0.1473269812901823
15 16 0.9116657301270542
15 17 0.3852916359971079
16 17 0.21198625672962834
16 18 0.127882159849935
17 18 0.5192086075736828
17 19 0.7396196987102279
18 19 0.4005036920546663
18 20 0.5666001168321512
19 20 0.5290803272594706
19 21 0.28408846580049496
20 21 0.07958637650326283
20 22 0.9107296977183872
21 22 0.8171100244667187
21 23 0.08302984520216383
22 23 0.5772555430714519
22 24 0.3704346143345226
23 24 0.12221846201627506
23 25 0.9222504828272913
24 25 0.21788376133322074
24 26 0.2234540703692558
25 26 0.3236088460098634
25 27 0.8007069906199724
26 27 0.588002870137526
26 28 0.3224371306323933
27 28 0.8743013002554679
27 29 0.7099004185569959
28 29 0.7536689088599761
28 30 0.45050990956015546
29 30 0.19941483122919212
29 31 0.26370480173757405
30 31 0.43024008253239254
30 32 0.6287648496313123
31 32 0.21251156359614787
31 33 0.4218381241949608
32 33 0.16227981382515122
32 34 0.09946088013739685
33 34 0.4651591367067389
33 35 0.7605256508292895
34 35 0.9327521776488108
34 36 0.783948030904612
35 36 0.6542509026422408
35 37 0.5527793512083677
36 37 0.9189076012175833
36 38 0.23331345335870823
37 38 0.9930858833018392
37 39 0.3535552816112544
38 39 0.38349730611064436
38 40 0.2865225322174354
39 40 0.23688633112004887
39 41 0.4663547530219152
40 41 0.6782964095785807
40 42 0.5716880521669043
41 42 0.6104852730598768
41 43 0.150040604691278
42 43 0.33808189683931544
42 44 0.8079814805872482
43 44 0.22706173281046405
43 45 0.8358681690327063
44 45 0.6511326189249362
44 46 0.9814756481409481
45 46 0.8406859998317198
45 47 0.6164122737068258
46 47 0.08412220551299177
46 48 0.5540587893479136
47 48 0.5517484010401924
47 49 0.13959621501507458
48 49 0.8511690580195477
48 50 0.26887099427480177
49 50 0.5923760594917118
49 51 0.34590996629889315
50 51 0.5436856114092427
50 52 0.6704568640681404
51 52 0.40467683640193663
51 53 0.3966527697191704
52 53 0.9639625299478174
52 54 0.5733935135139392
53 54 0.7953151296666637
53 55 0.68222409303082
54 55 0.5362246527420811
54 56 0.48595576597157
55 56 0.37185672361650324
55 57 0.2299600793843365
56 57 0.2723692003750561
56 58 0.3954621701763662
57 58 0.5568992731477046
57 59 0.1731557286538814
58 59 0.7716400367255019
58 60 0.29249574523097277
59 60 0.05518312743224196
59 61 0.5005292271627428
60 61 0.6258255066125435
60 62 0.9239596056116176
61 62 0.46337302967658867
61 63 0.7433757091922205
62 63 0.28905717876516734
62 64 0.03523332366797571
63 64 0.47851876827041384
63 65 0.15838930589052724
64 65 0.6111411818967055
64 66 0.11467319500150941
65 66 0.5931084996545279
65 67 0.8639570883187466
66 67 0.35777441574136426
66 68 0.9970104037652048
67 68 0.549078087401526
67 69 0.6158369362048216
68 69 0.6857937218742448
68 70 0.16056198605466077
69 70 0.8499103231226207
69 71 0.06307743805213195
70 71 0.5479829113850112
70 72 0.3026710518547189
71 72 0.0930229468724052
71 73 0.9139529182119346
72 73 0.3580920802240394
72 74 0.8257060837164633
73 74 0.089593767400304
73 75 0.1255109342456192
74 75 0.025564493319895742
74 76 0.7305816619079558
75 76 0.37409302737763295
75 77 0.8348027131073962
76 77 0.44692401140718063
76 78 0.7993520023291418
77 78 0.001466897991590721
77 79 0.3129528690298039
78 79 0.7909159806143848
78 80 0.17455607772152515
79 80 0.654807575968193
79 81 0.8063144339113016
80 81 0.672899310338882
80 82 0.4988959574819398
81 82 0.7465248279555367
81 83 0.7571835086299575
82 83 0.30253122869654403
82 84 0.4703297334188663
83 84 0.6890141472200164
83 85 0.7043855249380065
84 85 0.5686137168022729
84 86 0.43235019789633955
85 86 0.9298201192704061
85 87 0.07208450859911497
86 87 0.17919533511807872
86 88 0.5662486443057728
87 88 0.7804040398367226
87 89 0.3011876325093483
88 89 0.6945778976603171
88 90 0.6672422314480475
89 90 0.37631670888345514
89 91 0.7727188572326821
90 91 0.9023057608068265
90 92 0.27170368445975157
91 92 0.7465336084127162
91 93 0.5884917017388318
92 93 0.8768540533296698
92 94 0.8628716268934701
93 94 0.9396785398094014
93 95 0.14422158875063806
94 95 0.2687195448600157
94 96 0.8852322934557242
95 96 0.7266758394040593
95 97 0.19132168301247887
96 97 0.42858119955230356
96 98 0.050237861126652184
97 98 0.03355899930948003
97 99 0.6610408743868811
98 99 0.08698534217436404
98 100 0.37810079080592496
99 100 0.5896227719822893
99 101 0.47613996303263617
100 101 0.06436090649305326
100 102 0.18860692603252716
101 102 0.4280770723955535
101 103 0.1543544678924902
102 103 0.6471500540480959
102 104 0.8838229938667737
103 104 0.2336355468812158
103 105 0.3854965084288977
104 105 0.6931041941014195
104 106 0.7734376215653134
105 106 0.8199535048763652
105 107 0.12068509635555358
106 107 0.7614513871894057
106 108 0.14981174675780418
107 108 0.862601941416029
107 109 0.7994984856614085
108 109 0.4775119581362053
108 110 0.582196724579384
109 110 0.8730826429417619
109 111 0.24508385433072344
110 111 0.02295691085274376
110 112 0.33831344362444815
111 112 0.31593373839111316
111 113 0.7991547987939565
112 113 0.1943297702360609
112 114 0.6201916136650432
113 114 0.10438122732710886
113 115 0.32386508234831335
114 115 0.19974290518458027
114 116 0.19048513692050673
115 116 0.6275342409848426
115 117 0.1938635819240413
116 117 0.9565347772604708
116 118 0.398793388355578
117 118 0.6450170358278925
117 119 0.38972601048113853
118 119 0.23373139109948982
118 120 0.3422190096712058
119 120 0.9627334807164082
119 121 0.28120007990066864
120 121 0.714376965711795
120 122 0.8915211760164661
121 122 0.4222149733563426
121 123 0.8639121463291971
122 123 0.7157500025822966
122 124 0.9837685871429505
123 124 0.6171769490610057
123 125 0.18807621118295437
124 125 0.5073648627661718
124 126 0.4954623188968712
125 126 0.7061040520505507
125 127 0.9782026233005006
126 127 0.019211719894296375
126 128 0.5430328744581613
127 128 0.7396282853893723
127 129 0.7805501686280241
128 129 0.02383134856590874
128 130 0.8917227401577772
129 130 0.8502587697159142
129 131 0.029398539732081064
130 131 0.5618149433146337
130 132 0.08883537031527211
131 132 0.2996221802814274
131 133 0.7543268675323331
132 133 0.7728059329075042
132 134 0.2224297329041084
133 134 0.610989791397001
133 135 0.23631251788926277
134 135 0.28740310939349467
134 136 0.23150350357000649
135 136 0.34794893955022554
135 137 0.5496264411451992
136 137 0.11327231871631549
136 138 0.08459903223116605
137 138 0.9285372161875454
137 139 0.38456793212123497
138 139 0.28619403113939845
138 140 0.6582227065187444
139 140 0.47620844335223333
139 141 0.5693262806054529
140 141 0.5234058968459426
140 142 0.3083320783662815
141 142 0.8716120509193183
141 143 0.4050368572194425
142 143 0.439404494902741
142 144 0.8048339264215365
143 144 0.06354585351199404
143 145 0.9507438268605086
144 145 0.4608649205340106
144 146 0.9153557434260696
145 146 0.3405104486647291
145 147 0.3527545996485094
146 147 0.9190485715742226
146 148 0.7767866513051068
147 148 0.4116466254167722
147 149 0.6271284888935986
148 149 0.13068728125828577
148 150 0.3414550230780625
149 150 0.3796229050167995
149 151 0.007083261391659712
150 151 0.46847684171044324
150 152 0.14025745573399284
151 152 0.292811049918541
151 153 0.8943906855698298
152 153 0.9200328491974397
152 154 0.5531521050636663
153 154 0.23614008823469457
153 155 0.030007238969007144
154 155 0.23012351357486338
154 156 0.15209514208821162
155 156 0.4578795913820891
155 157 0.8009785832396458
156 157 0.2345753003254032
156 158 0.2230368403462436
157 158 0.7477120061221272
157 159 0.3384920669414009
158 159 0.2500190833304501
158 160 0.2964297646554006
159 160 0.9295475528397598
159 161 0.7163628659830423
160 161 0.26890369884383725
160 162 0.855918946451669
161 162 0.7221958776813564
161 163 0.3357103844187129
162 163 0.821482499498494
162 164 0.8261280258734947
163 164 0.9557650017715329
163 165 0.09682115301493122
164 165 0.263246400636028
164 166 0.43739079403001013
165 166 0.9258573027232616
165 167 0.9080658997204084
166 167 0.8432648676970437
166 168 0.7959869566909253
167 168 0.3755388496415766
167 169 0.18915596693167425
168 169 0.7211050801001598
168 170 0.8164566387076956
169 170 0.7344825992432856
169 171 0.4784336799067166
170 171 0.7501711326044433
170 172 0.21950278783425692
171 172 0.9832498412085737
171 173 0.7630851284031042
172 173 0.9729942231921218
172 174 0.8480260015830826
173 174 0.08663431606221184
173 175 0.8454981019484632
174 175 0.7623313425460283
174 176 0.1317319976173027
175 176 0.009081892408868142
175 177 0.5018130360053515
176 177 0.12665248776519844
176 178 0.6983237151428267
177 178 0.4561748795462124
177 179 0.7549817263182907
178 179 0.4581563600167261
178 180 0.23909388698387013
179 180 0.061677129930269525
179 181 0.020449886881142354
180 181 0.4565962061168165
180 182 0.6815025361995088
181 182 0.5916617181349949
181 183 0.44556972025412445
182 183 0.14248376785608574
182 184 0.11444844599103254
183 184 0.8000850824907626
183 185 0.9019387725781999
184 185 0.7141242882920439
184 186 0.5450052660530793
185 186 0.08477691075805838
185 187 0.7290711930934043
186 187 0.3736590998240513
186 188 0.1610230162510986
187 188 0.5659834554271309
187 189 0.9363477680172987
188 189 0.44777054482873024
188 190 0.5446987768417775
189 190 0.5037420264440505
189 191 0.12680340965183212
190 191 0.02252161723592727
190 192 0.11363217429889139
191 192 0.4470278271398811
191 193 0.5664835341435599
192 193 0.7266818243958999
192 194 0.7659865077478006
193 194 0.45772075305380655
193 195 0.5644784622790784
194 195 0.03783600378079466
194 196 0.31223901924761543
195 196 0.35375566703283556
195 197 0.5648095728258631
196 197 0.42502079078185984
196 198 0.24874257919269627
197 198 0.5383362620379559
197 199 0.9738474723680779
198 199 0.5675864857539222
198 200 0.8856762025209847
199 200 0.3321014150441546
199 201 0.3745107764985669
200 201 0.837059149155665
200 202 0.49865521277062064
201 202 0.6870616138740278
201 203 0.9258320392181234
202 203 0.005658067702451475
202 204 0.24991513113568753
203 204 0.5629458248761922
203 205 0.31535640794333264
204 205 0.8911849086898732
204 206 0.6278056590309797
205 206 0.3153847836632494
205 207 0.13951307106832922
206 207 0.5779354883512317
206 208 0.3965872468219753
207 208 0.06019079787867465
207 209 0.2318220900899992
208 209 0.48121883062705595
208 210 0.3257552767503289
209 210 0.4719232553275675
209 211 0.5194016605431722
210 211 0.9042687505530087
210 212 0.9138179332215363
211 212 0.7479275296506477
211 213 0.9992728905904913
212 213 0.2730738078213736
212 214 0.8884406359620033
213 214 0.08724089497945031
213 215 0.02160251914966127
214 215 0.1824948625342866
214 216 0.3975492957737665
215 216 0.041766167417458644
215 217 0.24345817628170796
216 217 0.7511302471097099
216 218 0.07673505823891302
217 218 0.002892878802865928
217 219 0.42789578452336785
218 219 0.04823798158051629
218 220 0.20330377419490253
219 220 0.3713384322717892
219 221 0.01307074651053386
220 221 0.09959423863025185
220 222 0.30007799921500566
221 222 0.25417106546123236
221 223 0.0012087194338813445
222 223 0.9071291436057838
222 224 0.6284638285565555
223 224 0.13222601183656335
223 225 0.9163336880412712
224 225 0.7849316360674552
224 226 0.3312961920462002
225 226 0.19030868309285853
225 227 0.027523156191491704
226 227 0.505753148382332
226 228 0.577123307687023
227 228 0.4483582892344945
227 229 0.5957065050881003
228 229 0.47528834993734725
228 230 0.24391500787390685
229 230 0.9836232433735198
229 231 0.34628521003746726
230 231 0.6754212164759882
230 232 0.7100818371167316
231 232 0.768012591588621
231 233 0.1291078064980754
232 233 0.06847824577970296
232 234 0.3772759101678417
233 234 0.964975998578009
233 235 0.816822004854935
234 235 0.8136045228498542
234 236 0.793229773867801
235 236 0.6177951388606959
235 237 0.9906113634113038
236 237 0.3572077237013127
236 238 0.930089310286226
237 238 0.17602584247925224
237 239 0.058684633725008095
238 239 0.021747539724558895
238 240 0.5483001581151185
239 240 0.01178428902445361
239 241 0.4456834278725075
240 241 0.6533134771444862
240 242 0.8309058745776876
241 242 0.7037688089536347
241 243 0.2647993078435823
242 243 0.2698057978039573
242 244 0.7547371819635103
243 244 0.6681212169598096
243 245 0.8832320322128593
244 245 0.481043339088836
244 246 0.3941340872769521
245 246 0.39840888146782394
245 247 0.44935391220221244
246 247 0.10593622016138526
246 248 0.4476670964918771
247 248 0.6587625210470794
247 249 0.1960693437250155
248 249 0.4886950279085488
248 250 0.8864151810952596
249 250 0.6093662215369113
249 251 0.6170881338347564
250 251 0.5024766737706006
250 252 0.038952753902593895
251 252 0.17796594518331754
251 253 0.7406832987759604
252 253 0.3245494001278605
252 254 0.17413144594569896
253 254 0.5903994806999998
253 255 0.3898631052154825
254 255 0.9993131780764705
254 256 0.42831645264561535
255 256 0.24092277837178955
255 257 0.8729346046753992
256 257 0.11156438815669423
256 258 0.11773095955222768
257 258 0.8447355277777301
257 259 0.6685756584649699
258 259 0.9508089426313691
258 260 0.8003260767654549
259 260 0.13070389050035103
259 261 0.040483178352931914
260 261 0.42533883573129616
260 262 0.2675286615873417
261 262 0.524594617628481
261 263 0.04789305355752782
262 263 0.28683360096521837
262 264 0.8968470790813803
263 264 0.3660283907957671
263 265 0.40202663015875073
264 265 0.5064093647450358
264 266 0.4641126492583728
265 266 0.11407406634647665
265 267 0.7005952162142307
266 267 0.9499198212440776
266 268 0.250511357333414
267 268 0.08057623762207977
267 269 0.36974762055165156
268 269 0.7898829665306941
268 270 0.526203715829211
269 270 0.9427594617244038
269 271 0.5842939258727226
270 271 0.23780930269224376
270 272 0.8135369225918007
271 272 0.5963001625248197
271 273 0.48034099768238003
272 273 0.8023653029451616
272 274 0.8378219919847336
273 274 0.14528968124801867
273 275 0.8440954080805575
274 275 0.39668913885208934
274 276 0.38589200723818073
275 276 0.18380392297612158
275 277 0.44478453853347844
276 277 0.5547009204437146
276 278 0.9240343031848195
277 278 0.13986853245704856
277 279 0.8158393902697324
278 279 0.3588271991542974
278 280 0.02363588124181293
279 280 0.7628986998273318
279 281 0.3640620726940643
280 281 0.551769252906723
280 282 0.5493496496875412
281 282 0.6667428072849844
281 283 0.40329287746932385
282 283 0.35549106920279516
282 284 0.6281093871515799
283 284 0.0643968802649365
283 285 0.8782843721113962
284 285 0.07016983189965675
284 286 0.8526250820372223
285 286 0.6969374452113355
285 287 0.6320627677656706
286 287 0.716292713167655
286 288 0.4478202710654542
287 288 0.8047422782748015
287 289 0.2260892178867634
288 289 0.43458742754441304
288 290 0.015851003679435816
289 290 0.9088854095241261
289 291 0.61754320503285
290 291 0.3140431157404959
290 292 0.7959403045065192
291 292 0.7020760202197942
291 293 0.3169025404541962
292 293 0.5389113035791547
292 294 0.10018264635107921
293 294 0.5250095728173625
293 295 0.5270961310496219
294 295 0.1442485262494837
294 296 0.3596204274321475
295 296 0.8100730855879955
295 297 0.18770682513465975
296 297 0.708808203071186
296 298 0.5103542378384688
297 298 0.7084450690819701
297 299 0.30002293526807844
298 299 0.7597280300782745
298 300 0.5049853802128736
299 300 0.9181659946511922
299 301 0.40205498750594715
300 301 0.19333888962425416
300 302 0.7687283136298224
301 302 0.1405810999508269
301 303 0.47507918720583553
302 303 0.4275797900265912
302 304 0.3088988288266943
303 304 0.0447864232348274
303 305 0.8776865241746917
304 305 0.7282187600542516
304 306 0.0017120738563477511
305 306 0.785240560574233
305 307 0.8059345219084803
306 307 0.9363091394852711
306 308 0.04454610332019027
307 308 0.4990498718591335
307 309 0.1826684001523442
308 309 0.127589354437056
308 310 0.7936316416328805
309 310 0.08437024199321996
309 311 0.011869532883399647
310 311 0.5631258139114471
310 312 0.5802466435697543
311 312 0.7942216826759932
311 313 0.40172536396491554
312 313 0.06644433217751289
312 314 0.5385648791629412
313 314 0.10718582872662785
313 315 0.45374643657470837
314 315 0.4643032560145163
314 316 0.9785796269881076
315 316 0.0412138041489164
315 317 0.30494029647860565
316 317 0.030005702171390425
316 318 0.5639920278210927
317 318 0.7033678163936877
317 319 0.5739512487066101
318 319 0.27953552910604207
318 320 0.8414663668216558
319 320 0.47229658098314165
319 321 0.5428464859305081
320 321 0.9550767521041047
320 322 0.5520751938929968
321 322 0.5668243745471834
321 323 0.8830920570734064
322 323 0.43850163760907757
322 324 0.5290266589135165
323 324 0.852215642782198
323 325 0.7775067312884328
324 325 0.7873430166090494
324 326 0.20851622345310172
325 326 0.6109872876473113
325 327 0.7144987638179865
326 327 0.9431489333829677
326 328 0.01630855671799858
327 328 0.6243044866369111
327 329 0.9167498555914807
328 329 0.20424166480643113
328 330 0.6772885131139512
329 330 0.014441150835298733
329 331 0.18965997715360683
330 331 0.6829102590855616
330 332 0.7619450245266791
331 332 0.6444205301149539
331 333 0.07165139480065486
332 333 0.8292036202491327
332 334 0.024117786614354264
333 334 0.07263425319135197
333 335 0.48069367813816455
334 335 0.3248639627032026
334 336 0.3559024898170069
335 336 0.55750685822473
335 337 0.48671506702248
336 337 0.8254259637283698
336 338 0.46565188114357225
337 338 0.6103562457646424
337 339 0.5616295551810887
338 339 0.31196252250551737
338 340 0.4557731909567586
339 340 0.44681360412641136
339 341 0.20157355978291003
340 341 0.7741405881578859
340 342 0.2868671632154509
341 342 0.9692213791681678
341 343 0.3105867587256672
342 343 0.7546628191994964
342 344 0.47604718327989504
343 344 0.2961126092941042
343 345 0.3071758450034362
344 345 0.018981815213383824
344 346 0.7558156581712289
345 346 0.5628417166999099
345 347 0.9115978738739304
346 347 0.603124863647724
346 348 0.1513668533486584
347 348 0.5748328315364604
347 349 0.15260058497672446
348 349 0.49344351649630636
348 350 0.2482597660597865
349 350 0.8231045312433326
349 351 5.57545396111303E-4
350 351 0.4706690643698802
350 352 0.745117032639101
351 352 0.13029290119770764
351 353 0.925323631093718
352 353 0.8770305980037462
352 354 0.06207368782448641
353 354 0.6335567518554707
353 355 0.7418836964432741
354 355 0.8032299132274097
354 356 0.033991325527552796
355 356 0.9318299303163228
355 357 0.5189605097228521
356 357 0.25052584319225146
356 358 0.8443053870377123
357 358 0.4174193896613012
357 359 0.8020879158787441
358 359 0.264255264525465
358 360 0.6188758149464333
359 360 0.49258165339636506
359 361 0.9742313601824482
360 361 0.5980631813852411
360 362 0.8533954612124989
361 362 0.294424438710411
361 363 0.020601152964137892
362 363 0.522527028496083
362 364 0.1408427946118992
363 364 0.5807772173866043
363 365 0.13040200110300182
364 365 0.9175430614733854
364 366 0.26135681686926837
365 366 0.40203803304188346
365 367 0.17432151901865156
366 367 0.7268715753787833
366 368 0.26637454203456135
367 368 0.258285342978009
367 369 0.7227372188888406
368 369 0.3319302373160782
368 370 0.9873368991456599
369 370 0.07969966457038669
369 371 0.3985878178785691
370 371 0.9859511101979375
370 372 0.36409364614044426
371 372 0.20289525308533063
371 373 0.7225187606186817
372 373 0.6372851930821621
372 374 0.5871134755702697
373 374 0.14633456374166876
373 375 0.523069324493544
374 375 0.9499630686694273
374 376 0.2739107117605878
375 376 0.8381569723791515
375 377 0.7051830728609021
376 377 0.640036528078219
376 378 0.5770592749400826
377 378 0.19570031684951306
377 379 0.07035054360302917
378 379 0.5382892196343818
378 380 0.6249186997465057
379 380 0.5424731194431783
379 381 0.8406725404129624
380 381 0.9739281461663079
380 382 0.3521029969813402
381 382 0.877743380218503
381 383 0.739718314803914
382 383 0.7789867943836164
382 384 0.963576826542872
383 384 0.9713777648581934
383 385 0.5934357104914283
384 385 0.37249204849376694
384 386 0.6055844025622316
385 386 0.7877008747600159
385 387 0.010840656948077898
386 387 0.44052721170841214
386 388 0.6740039572462568
387 388 0.08903622508738529
387 389 0.7370023600579061
388 389 0.02179096520393553
388 390 0.8166212686286157
389 390 0.7556785574803656
389 391 0.3915394615650265
390 391 0.5329860166966456
390 392 0.27898586410565607
391 392 0.17706345434894566
391 393 0.8815408491032902
392 393 0.7650618205436008
392 394 0.5897179961908194
393 394 0.03713725732616091
393 395 0.9598127949443495
394 395 0.14477993379969822
394 396 0.1971433957370996
395 396 0.4999632224438898
395 397 0.04859224359142644
396 397 0.41421409074151694
396 398 0.9634469351438025
397 398 0.5743414641273326
397 399 0.4337238290679257
398 399 0.29985139290287066
398 400 0.4382008422423922
399 400 0.809671971631452
399 401 0.7284860838367242
400 401 0.498165735232326
400 402 0.4486432870263387
401 402 0.5918629102837274
401 403 0.6042468181141278
402 403 0.2589621005837657
402 404 0.6052699514718731
403 404 0.9752814748520267
403 405 0.2754182386683377
404 405 0.43205069348937597
404 406 0.4114080962566886
405 406 0.6440719108025154
405 407 0.42981841113538133
406 407 0.5861252807376212
406 408 0.6843307678906122
407 408 0.7029814232623146
407 409 0.5026835598229421
408 409 0.2734998938369013
408 410 0.9513084584781115
409 410 0.0696154367455396
409 411 0.3216817166770898
410 411 0.189194586189532
410 412 0.5166950276452668
411 412 0.9607688834705911
411 413 0.6574160408297274
412 413 0.7444177108262351
412 414 0.949949542489607
413 414 0.6339800756617511
413 415 0.2813394605862961
414 415 0.8174072909900182
414 416 0.7685372574317286
415 416 0.49870111279439133
415 417 0.5519558018480987
416 417 0.4881206635105817
416 418 0.46835097696548156
417 418 0.4342033054859574
417 419 0.7194577617065114
418 419 0.05464991765446825
418 420 0.259336633922016
419 420 0.9241565899607684
419 421 0.4613533267847847
420 421 0.9452971718428282
420 422 0.9945857036683436
421 422 0.7250686142860839
421 423 0.08911698805473411
422 423 0.2458234942803189
422 424 0.7669222565412842
423 424 0.05989342609117776
423 425 0.5579086797204843
424 425 0.3826012005755217
424 426 0.6886781208035901
425 426 0.7152038342445293
425 427 0.7023530588307065
426 427 0.9386406825843316
426 428 0.8341251137062659
427 428 0.0957549062398263
427 429 0.8655916240542678
428 429 0.8620729768569518
428 430 0.4966754516518893
429 430 0.6294458464374779
429 431 0.6248668268789734
430 431 0.3612729184413255
430 432 0.13561349509021858
431 432 0.9784849070492123
431 433 0.2994410585927565
432 433 0.5583503213658539
432 434 0.7765945576257444
433 434 0.28437860130422354
433 435 0.2398909681095378
434 435 0.13150264655473032
434 436 0.861575983497123
435 436 0.028870081060845654
435 437 0.23522291851892507
436 437 0.5628156719402058
436 438 0.8420440863661265
437 438 0.40989136704598916
437 439 0.5565035112405129
438 439 0.48641530379346787
438 440 0.5231517346021752
439 440 0.9258524683629251
439 441 0.60563814937153
440 441 0.7442093958570069
440 442 0.22977176370177899
441 442 0.8101333482029883
441 443 0.5127369896272307
442 443 0.38588598875974944
442 444 0.7043076426472629
443 444 0.7862308153044429
443 445 0.8934442825691445
444 445 0.4525803807353075
444 446 0.7108733073780605
445 446 0.9433752701942067
445 447 0.21320081548123615
446 447 0.8252055070734068
446 448 0.3452195794593912
447 448 0.1399051940053576
447 449 0.6100423528757906
448 449 0.1249528940910849
448 450 0.9784481542914485
449 450 0.4835546026399996
369 444 0.2743753123394942
439 423 0.5529469121707863
156 68 0.3769767303965783
Loss 0.0 2.0 0.0 0.0 0.0 24.0 0.0 0.0 0.0 3.0 0.0 0.0 0.0 60.0 0.0 0.0 0.0 29.0 0.0 0.0 0.0 9.0 0.0 0.0 0.0 22.0 0.0 0.0 0.0 67.0 0.0 0.0 0.0 2.0 0.0 0.0 0.0 74.0 0.0 0.0 0.0 88.0 0.0 0.0 0.0 79.0 0.0 0.0 0.0 22.0 0.0 0.0 0.0 14.0 0.0 0.0 0.0 1.0 0.0 0.0 0.0 28.0 0.0 0.0 0.0 43.0 0.0 0.0 0.0 72.0 0.0 0.0 0.0 48.0 0.0 0.0 0.0 91.0 0.0 0.0 0.0 24.0 0.0 0.0 0.0 53.0 0.0 0.0 0.0 55.0 0.0 0.0 0.0 36.0 0.0 0.0 0.0 3.0 0.0 0.0 0.0 26.0 0.0 0.0 0.0 47.0 0.0 0.0 0.0 66.0 0.0 0.0 0.0 87.0 0.0 0.0 0.0 79.0 0.0 0.0 0.0 25.0 0.0 0.0 0.0 77.0 0.0 0.0 0.0 84.0 0.0 0.0 0.0 74.0 0.0 0.0 0.0 38.0 0.0 0.0 0.0 79.0 0.0 0.0 0.0 10.0 0.0 0.0 0.0 65.0 0.0 0.0 0.0 96.0 0.0 0.0 0.0 53.0 0.0 0.0 0.0 96.0 0.0 0.0 0.0 9.0 0.0 0.0 0.0 79.0 0.0 0.0 0.0 51.0 0.0 0.0 0.0 15.0 0.0 0.0 0.0 34.0 0.0 0.0 0.0 2.0 0.0 0.0 0.0 38.0 0.0 0.0 0.0 56.0 0.0 0.0 0.0 32.0 0.0 0.0 0.0 59.0 0.0 0.0 0.0 21.0 0.0 0.0 0.0 41.0 0.0 0.0 0.0 14.0 0.0 0.0 0.0 73.0 0.0 0.0 0.0 64.0 0.0 0.0 0.0 1.0 0.0 0.0 0.0 72.0 0.0 0.0 0.0 33.0 0.0 0.0 0.0 62.0 0.0 0.0 0.0 81.0 0.0 0.0 0.0 68.0 0.0 0.0 0.0 56.0 0.0 0.0 0.0 36.0 0.0 0.0 0.0 56.0 0.0 0.0 0.0 47.0 0.0 0.0 0.0 1.0 0.0 0.0 0.0 49.0 0.0 0.0 0.0 76.0 0.0 0.0 0.0 50.0 0.0 0.0 0.0 8.0 0.0 0.0 0.0 89.0 0.0 0.0 0.0 41.0 0.0 0.0 0.0 63.0 0.0 0.0 0.0 32.0 0.0 0.0 0.0 97.0 0.0 0.0 0.0 6.0 0.0 0.0 0.0 96.0 0.0 0.0 0.0 94.0 0.0 0.0 0.0 31.0 0.0 0.0 0.0 73.0 0.0 0.0 0.0 12.0 0.0 0.0 0.0 97.0 0.0 0.0 0.0 95.0 0.0 0.0 0.0 66.0 0.0 0.0 0.0 79.0 0.0 0.0 0.0 62.0 0.0 0.0 0.0 72.0 0.0 0.0 0.0 72.0 0.0 0.0 0.0 98.0 0.0 0.0 0.0 37.0 0.0 0.0 0.0 2.0 0.0 0.0 0.0 81.0 0.0 0.0 0.0 33.0 0.0 0.0 0.0 1.0 0.0 0.0 0.0 46.0 0.0 0.0 0.0 30.0 0.0 0.0 0.0 0.0 0.0 0.0 0.0 40.0 0.0 0.0 0.0 31.0 0.0 0.0 0.0 75.0 0.0 0.0 0.0 25.0 0.0 0.0 0.0 55.0 0.0 0.0 0.0 14.0 0.0 0.0 0.0 95.0 0.0 0.0 0.0 66.0 0.0 0.0 0.0 52.0 0.0 0.0 0.0 8.0 0.0 0.0 0.0 23.0 0.0 0.0 0.0 4.0 0.0 0.0 0.0 96.0 0.0 0.0 0.0 1.0 0.0 0.0 0.0 77.0 