75 <--# of nodes, 150 edges 
1 2 0.1774889971563003
1 3 0.21542560223635332
2 3 0.7209044859533226
2 4 0.6950037613248885
3 4 0.4961039397554441
3 5 0.40187432238590326
4 5 0.4925383054092698
4 6 0.10728651452558335
5 6 0.7130424260330349
5 7 0.4536853621546244
6 7 0.9148233699348147
6 8 0.8099064508652879
7 8 0.1525183821282724
7 9 0.15783593587705225
8 9 0.4711422278492087
8 10 0.18131756136285648
9 10 0.0881233414231185
9 11 0.8398443587248059
10 11 0.40662140846938766
10 12 0.7305803695756635
11 12 0.8506978396193559
11 13 0.9132928875104509
12 13 0.8705675282944475
12 14 0.3139973620872789
13 14 0.7544891047181691
13 15 0.17660525700128105
14 15 0.1402368669192584
14 16 0.44403274412719174
15 16 0.7676004675130886
15 17 0.43051613286583956
16 17 0.1730358460782252
16 18 0.015916960588093776
17 18 0.7266311221184453
17 19 0.678321696628982
18 19 0.2182162849811825
18 20 0.9351960262626938
19 20 0.3451183292587413
19 21 0.1873632669681946
20 21 0.45357189751582194
20 22 0.18952399303088496
21 22 0.9224381720827646
21 23 0.8225952411642019
22 23 0.024650062950027474
22 24 0.8546682068181303
23 24 0.018054092902217156
23 25 0.7070010831149316
24 25 0.5967770262136167
24 26 0.4030476324938116
25 26 0.442918683177869
25 27 0.6867960664728822
26 27 0.5283771603491135
26 28 0.5023867272354338
27 28 0.6921304648591886
27 29 0.8065124620884978
28 29 0.30341718222166425
28 30 0.8786704622524552
29 30 0.014401902732138039
29 31 0.8996803160650376
30 31 0.96608641671205
30 32 0.279468933636815
31 32 0.5600326639448494
31 33 0.9460185384475084
32 33 0.2818746422594398
32 34 0.33586259421557385
33 34 0.6647050484864282
33 35 0.33482993048226717
34 35 0.317532484232777
34 36 0.32792730354121646
35 36 0.621685235732496
35 37 0.21885073546658518
36 37 0.6504214113430268
36 38 0.43511237420707316
37 38 0.6283812767881676
37 39 0.6693775758089917
38 39 0.9874388383017624
38 40 0.3131435616565781
39 40 0.4307081816207511
39 41 0.9736099074521258
40 41 0.14317813677976432
40 42 0.6075375943656474
41 42 0.4592542274749307
41 43 0.609740844345778
42 43 0.7602646412452424
42 44 0.9296615438748698
43 44 0.8222629758611697
43 45 0.861388992158579
44 45 0.7870798103371895
44 46 0.8614011956399753
45 46 0.9012388592051296
45 47 0.17823475571782366
46 47 0.1828694483945621
46 48 0.6525246365317203
47 48 0.77104431006457
47 49 0.7133587419527533
48 49 0.5722799333188738
48 50 0.8549826540327747
49 50 0.3921714865887108
49 51 0.7622999396653755
50 51 0.4899968910277991
50 52 0.2532022601934535
51 52 0.7068493380038712
51 53 0.963825267227829
52 53 0.6564955138784293
52 54 0.12183808092753268
53 54 0.42607802501357794
53 55 0.3100132811790175
54 55 0.7901072556194408
54 56 0.12869096712098582
55 56 0.49424473251509693
55 57 0.7836324965535573
56 57 0.4007220984790948
56 58 0.12045007552045905
57 58 0.10811961600394493
57 59 0.9293328546943436
58 59 0.8117793728264586
58 60 0.04664794281709139
59 60 0.0539575346888066
59 61 0.23282679077912782
60 61 0.7645320766816307
60 62 0.18130517549399527
61 62 0.41203149165328523
61 63 0.9946368171228132
62 63 0.07473725669169373
62 64 0.7264060942489083
63 64 0.7731938677655482
63 65 0.09992518146373919
64 65 0.2063143275524314
64 66 0.8521532848735607
65 66 0.863171421741227
65 67 0.2557406308147906
66 67 0.4115760777306249
66 68 0.7470603178116263
67 68 0.9783278075913134
67 69 0.36543609955267053
68 69 0.029884850390430318
68 70 0.4861566276773699
69 70 0.05303079387789278
69 71 0.02354802852478899
70 71 0.7062667995966236
70 72 0.39757154951823137
71 72 0.5695747737261401
71 73 0.5358473143066462
72 73 0.5951065550252831
72 74 0.8636871485766354
73 74 0.3205355281540394
73 75 0.6333828590684079
74 75 0.5225487006061139
37 2 0.5964121197843231
69 19 0.951481591602076
10 24 0.7418156484923393
Loss 0.0 76.0 0.0 0.0 0.0 90.0 0.0 0.0 0.0 57.0 0.0 0.0 0.0 40.0 0.0 0.0 0.0 50.0 0.0 0.0 0.0 72.0 0.0 0.0 0.0 45.0 0.0 0.0 0.0 47.0 0.0 0.0 0.0 63.0 0.0 0.0 0.0 8.0 0.0 0.0 0.0 94.0 0.0 0.0 0.0 67.0 0.0 0.0 0.0 97.0 0.0 0.0 0.0 68.0 0.0 0.0 0.0 61.0 0.0 0.0 0.0 61.0 0.0 0.0 0.0 91.0 0.0 0.0 0.0 61.0 0.0 0.0 0.0 20.0 21.0 