100 <--# of nodes, 200 edges 
1 2 0.31407536591945695
1 3 0.06064366742428917
2 3 0.04303081986245261
2 4 0.542932460865784
3 4 0.35101668297910116
3 5 0.3719874690546119
4 5 0.7465163713258443
4 6 0.3067363731229952
5 6 0.29464037359271267
5 7 0.28420565728400426
6 7 0.7755262888124712
6 8 0.5667820659971404
7 8 0.8440352984295054
7 9 0.7292561848878597
8 9 0.8502486332870403
8 10 0.970720817055277
9 10 0.5392848568443045
9 11 0.42249688869314617
10 11 0.8761546939229353
10 12 0.2638429388479063
11 12 0.687935863181423
11 13 0.9631171383857853
12 13 0.47895156158564933
12 14 0.9184308410217946
13 14 0.97147104601841
13 15 0.5013419104130965
14 15 0.17811891044142447
14 16 0.8047723050190496
15 16 0.5005605815033285
15 17 0.6674033072090542
16 17 0.6983040207327151
16 18 0.5442438801254956
17 18 0.1376377695701292
17 19 0.7709522691076313
18 19 0.6145061468308869
18 20 0.7879991955597834
19 20 0.24599358961335316
19 21 0.25175021282471566
20 21 0.2535622583974019
20 22 0.19704714170065485
21 22 0.12198790280283212
21 23 0.6236829297713274
22 23 0.9797444509206581
22 24 0.8549736976249085
23 24 0.006788813696058882
23 25 0.533359460618138
24 25 0.4098904941279071
24 26 0.9084406626642045
25 26 0.26099104885199753
25 27 0.5027346222480797
26 27 0.10219924753992127
26 28 0.47521068905957975
27 28 0.2971212912078187
27 29 0.7107971119823644
28 29 0.734349176515933
28 30 0.08578914097602053
29 30 0.5331367033625202
29 31 0.45969449669818974
30 31 0.6035331304922175
30 32 0.8117112402340803
31 32 0.9493455579371312
31 33 0.4506006566453693
32 33 0.2686588050631764
32 34 0.7418108136196269
33 34 0.051314668741113234
33 35 0.5227318284881027
34 35 0.981199692183349
34 36 0.8442055661399019
35 36 0.5443482967938261
35 37 0.8237177355655735
36 37 0.10561781923460523
36 38 0.8821240672646816
37 38 0.1331378341478262
37 39 0.3047396574571538
38 39 0.7871078843218188
38 40 0.3729629451039801
39 40 0.39836690658892826
39 41 0.48929322996212576
40 41 0.4754805604064182
40 42 0.43783204921689545
41 42 0.9902260057614354
41 43 0.03221762651287441
42 43 0.9879780606980695
42 44 0.037660085319384584
43 44 0.6814038727568071
43 45 0.2379049062209878
44 45 0.7753638248473269
44 46 0.42624084098132853
45 46 0.616512920484719
45 47 0.3303842504582293
46 47 0.5518857514966976
46 48 0.4034386400158615
47 48 0.44305323092975
47 49 0.1462014367174299
48 49 0.8177712556934795
48 50 0.8948257100883424
49 50 0.5778581596929325
49 51 0.8239231735725479
50 51 0.7731360412801668
50 52 0.7671272995424492
51 52 0.20360449875552233
51 53 0.784565349253422
52 53 0.5869000631958999
52 54 0.5811163471707373
53 54 0.3811306851024525
53 55 0.07185562357255504
54 55 0.0051875618403701695
54 56 0.6221991826795618
55 56 0.7008991135162338
55 57 0.8798005155826245
56 57 0.8866013807244009
56 58 0.522671247934673
57 58 0.7222782405372364
57 59 0.23497391081488606
58 59 0.007898207383747802
58 60 0.543907147793912
59 60 0.08016881489488437
59 61 0.8527750675629127
60 61 0.27722421956414234
60 62 0.26046749496413724
61 62 0.7123322550727403
61 63 0.2683299876842564
62 63 0.08867399943482024
62 64 0.20584567902639583
63 64 0.4966037599490112
63 65 0.4428839341919114
64 65 0.5641072111870704
64 66 0.10892790611893188
65 66 0.9353384055572915
65 67 0.16969976181188973
66 67 0.21505246065450268
66 68 0.8558275888512935
67 68 0.06047085220905446
67 69 0.7589149489049245
68 69 0.8383307080970941
68 70 0.20485926033735447
69 70 0.11118240196647688
69 71 0.11117067104525113
70 71 0.22768160389520664
70 72 0.3683773582993791
71 72 0.2800000691592399
71 73 0.8574051094943966
72 73 0.7504584321538019
72 74 0.797916911537291
73 74 0.9322339189226372
73 75 0.019659264913980734
74 75 0.8868799993859332
74 76 0.9063910689123981
75 76 0.8380860340420591
75 77 0.2787105483092063
76 77 0.22497261237002375
76 78 0.8235963357675719
77 78 0.5450653829105561
77 79 0.5835254310487111
78 79 0.2602430506466269
78 80 0.9555703526533718
79 80 0.8641625159546273
79 81 0.14895521629901998
80 81 0.39255668607767347
80 82 0.1915320180402431
81 82 0.4986443236072766
81 83 0.10383577761097929
82 83 0.5961261603542982
82 84 0.6461173255517362
83 84 0.3001058333955807
83 85 0.9130439147364404
84 85 0.3471887005649905
84 86 0.8768839184304059
85 86 0.3023218828355204
85 87 0.15758698651675507
86 87 0.7317415918548424
86 88 0.5579736550868102
87 88 0.5119687057295118
87 89 0.26388618149232645
88 89 0.7773958879229201
88 90 0.5869180737196796
89 90 0.10535763439104717
89 91 0.057007722379336934
90 91 0.6841902467050863
90 92 0.5586145854923972
91 92 0.2840263939725174
91 93 0.027555012611520158
92 93 0.5032967128072939
92 94 0.8881838060462963
93 94 0.40672875286776
93 95 0.13132448925822549
94 95 0.2850326865744104
94 96 0.49213787308907453
95 96 0.5307327549076678
95 97 0.07498490682958403
96 97 0.06370251235674351
96 98 0.8827544318071723
97 98 0.4886741473965741
97 99 0.24184257585492408
98 99 0.5243121061019113
98 100 0.7884536560644835
99 100 0.9080911196331326
23 98 0.5154813627128835
38 58 0.15685800108025072
52 39 0.7881822419140467
Loss 0.0 86.0 0.0 0.0 0.0 27.0 0.0 0.0 0.0 96.0 0.0 0.0 0.0 84.0 0.0 0.0 0.0 14.0 0.0 0.0 0.0 36.0 0.0 0.0 0.0 95.0 0.0 0.0 0.0 9.0 0.0 0.0 0.0 76.0 0.0 0.0 0.0 72.0 0.0 0.0 0.0 33.0 0.0 0.0 0.0 88.0 0.0 0.0 0.0 16.0 0.0 0.0 0.0 53.0 0.0 0.0 0.0 74.0 0.0 0.0 0.0 87.0 0.0 0.0 0.0 98.0 0.0 0.0 0.0 61.0 0.0 0.0 0.0 52.0 0.0 0.0 0.0 56.0 0.0 0.0 0.0 71.0 0.0 0.0 0.0 13.0 0.0 0.0 0.0 84.0 0.0 0.0 0.0 38.0 0.0 0.0 0.0 36.0 0.0 77.0 