200 <--# of nodes, 400 edges 
1 2 0.29648601863064494
1 3 0.4968823089698713
2 3 0.6191239379221919
2 4 0.4581456415627908
3 4 0.5561328708262697
3 5 0.40835130838629186
4 5 0.5766249566989088
4 6 0.28951174315635186
5 6 0.05404899949900799
5 7 0.46596216621070186
6 7 5.232003010546826E-4
6 8 0.5641412310687415
7 8 0.09325594508310664
7 9 0.4164686814605323
8 9 0.36172298689914584
8 10 0.31309850453600196
9 10 0.3373503572230796
9 11 0.21146097188369872
10 11 0.6478259434629713
10 12 0.810899409754013
11 12 0.0067976408584726755
11 13 0.503081172095409
12 13 0.22733099570742155
12 14 0.25209964584770883
13 14 0.3274692433583195
13 15 0.11448756766696566
14 15 0.8547316885604473
14 16 0.43256835884692857
15 16 0.3831426502726931
15 17 0.9873356770353807
16 17 0.518644041009906
16 18 0.5106257745600985
17 18 0.35561092845550324
17 19 0.8273603752027427
18 19 0.9562713679167435
18 20 0.8532732002480677
19 20 0.6851366745294488
19 21 0.22773954245457984
20 21 0.6793034683577804
20 22 0.2754563829316262
21 22 0.9755689343051798
21 23 0.5083558530674136
22 23 0.29581100193975685
22 24 0.541353269722701
23 24 0.12168318281568236
23 25 0.22697429443335437
24 25 0.20002461522441461
24 26 0.8269620911397313
25 26 0.20037674681091866
25 27 0.15745186237216446
26 27 0.9611930820091937
26 28 0.5377479872854347
27 28 0.6554156235600538
27 29 0.4222813842002673
28 29 0.1589671373210394
28 30 0.9343457359754455
29 30 0.2869542898486862
29 31 0.25045338280377183
30 31 0.8164680171678179
30 32 0.7467782911494607
31 32 0.11045678008602289
31 33 0.26667062931191465
32 33 0.9663473993452152
32 34 0.6808435723318138
33 34 0.2136525617530095
33 35 0.7194536177757919
34 35 0.9571564417398755
34 36 0.9822360542382478
35 36 0.3535707831834892
35 37 0.44391329287413395
36 37 0.7653895239677222
36 38 0.5091502826088813
37 38 0.1198403322650139
37 39 0.7073922613324813
38 39 0.6836153258812405
38 40 0.8017241990198839
39 40 0.3443920577364702
39 41 0.28538986643237785
40 41 0.2748451575429848
40 42 0.3780153712346541
41 42 0.076266624612219
41 43 0.38170631186730974
42 43 0.8584215787239952
42 44 0.8393963412719436
43 44 0.702617385516673
43 45 0.1824615644087938
44 45 0.4865507583474772
44 46 0.7354227730945236
45 46 0.1308462141272787
45 47 0.6747996276276516
46 47 0.24203871111276465
46 48 0.9758086553159419
47 48 0.06334730306815506
47 49 0.9299169119699744
48 49 0.2526716701927423
48 50 0.24283586510563338
49 50 0.8346919874150628
49 51 0.6632706100688953
50 51 0.9155286701907583
50 52 0.9160805849870588
51 52 0.8951815361849238
51 53 0.9299287074347259
52 53 0.35362859457157525
52 54 0.5773512011089253
53 54 0.5347575051196695
53 55 0.2980692226854552
54 55 0.7932044187244655
54 56 0.6010519897587311
55 56 0.043459922403902396
55 57 0.0573258581752244
56 57 0.7602348328873054
56 58 0.4074355947666274
57 58 0.022388497815866826
57 59 0.22491427996328073
58 59 0.7014049221398193
58 60 0.007692715238958758
59 60 0.6672551990908884
59 61 0.6772982936699258
60 61 0.4929367446900621
60 62 0.3627216018375705
61 62 0.18390034022347856
61 63 0.6744571789137368
62 63 0.10244487137366032
62 64 0.8541421172727752
63 64 0.3441195241904925
63 65 0.8520837100613826
64 65 0.2951667427152722
64 66 0.9174532464342928
65 66 0.8159563139783256
65 67 0.49592711368456643
66 67 0.29229032390246446
66 68 0.1728493210874864
67 68 0.02428565094113777
67 69 0.5644556697134271
68 69 0.8587666684320323
68 70 0.04437334759863032
69 70 0.6256664615196399
69 71 0.9639450307150313
70 71 0.13042540681711945
70 72 0.051956174876148675
71 72 0.03306522382918542
71 73 0.9018806836892127
72 73 0.4242828605908364
72 74 0.22934591920415193
73 74 0.9232438445893276
73 75 0.2623972861352717
74 75 0.43186853910851564
74 76 0.07774310284318853
75 76 0.8267120018946831
75 77 0.32633290584033015
76 77 0.587941757102777
76 78 0.6702876610328892
77 78 0.7966791653672899
77 79 0.2952364284904654
78 79 0.5538268173628744
78 80 0.34858436977101503
79 80 0.7882798081385117
79 81 0.25419709520258416
80 81 0.07995764241662684
80 82 0.7359336453947644
81 82 0.16896681629675803
81 83 0.013957126719137847
82 83 0.16524909078742045
82 84 0.5831095822706258
83 84 0.22886380254180339
83 85 0.8980822633165423
84 85 0.41482976314373987
84 86 0.38283049152169035
85 86 0.5121618377598033
85 87 0.0385687466833855
86 87 0.7271303049307469
86 88 0.8702342570818182
87 88 0.2733171698980762
87 89 0.9152135755282468
88 89 0.33480079357574655
88 90 0.12410147018779416
89 90 0.59428153843345
89 91 0.20357179550530013
90 91 0.3921745179832905
90 92 0.972524275515994
91 92 0.5068331196434214
91 93 0.5935381774298224
92 93 0.7639955433059029
92 94 0.31676716856853526
93 94 0.12331094388176256
93 95 0.9135047655590659
94 95 0.8459148140629781
94 96 0.024604177572088437
95 96 0.3023070955214212
95 97 0.2984622915351619
96 97 0.36905128216069005
96 98 0.41834887682426747
97 98 0.2701012188461933
97 99 0.853464141196144
98 99 0.6755467189168414
98 100 0.9446698872606998
99 100 0.052231685944894024
99 101 0.49948865037335677
100 101 0.49887069261289907
100 102 0.06017444216450363
101 102 0.6964971354760163
101 103 0.9505720768935972
102 103 0.4561593311707247
102 104 0.13761072163655863
103 104 0.21855791709650652
103 105 0.21289255744650593
104 105 0.31253707118913077
104 106 0.4314766298998093
105 106 0.5397545924874335
105 107 0.35556079040593147
106 107 0.7493139709959485
106 108 0.8324877890943665
107 108 0.6652610226960085
107 109 0.5522454485072934
108 109 0.8569926201713367
108 110 0.8182188708528255
109 110 0.6733009590429867
109 111 0.6263404059261134
110 111 0.8494284055021263
110 112 0.8049816247728738
111 112 0.40366259959785133
111 113 0.4264938242851247
112 113 0.6799634852003787
112 114 0.29699083819323857
113 114 0.7798896970711156
113 115 0.2898824950888401
114 115 0.8694457271848051
114 116 0.19700276348472967
115 116 0.7259226346927445
115 117 0.5245714128884083
116 117 0.022657354590498557
116 118 0.4030725637446687
117 118 0.4224711482226545
117 119 0.5715538433688238
118 119 0.810737910215628
118 120 0.9087834781241833
119 120 0.868527525743329
119 121 0.35472433895452815
120 121 0.943155154534037
120 122 0.5322733751356483
121 122 0.282882537055392
121 123 0.4810835930083852
122 123 0.9100089557780089
122 124 0.1454060745216188
123 124 0.5990845911446974
123 125 0.1459597154793748
124 125 0.693726641381651
124 126 0.6369059216957703
125 126 0.9890051633026636
125 127 0.2746907362803088
126 127 0.10757161338951526
126 128 0.9352380260877687
127 128 0.8897585994730354
127 129 0.12465231056971793
128 129 0.07253271671036265
128 130 0.8046244086514891
129 130 0.13600203423295376
129 131 0.030852624005645146
130 131 0.5874049397130201
130 132 0.18418823519977223
131 132 0.48261888299180733
131 133 0.46042323154994746
132 133 0.6115245897023364
132 134 0.6146846317963781
133 134 0.7957785594253243
133 135 0.22286568852169197
134 135 0.24475252719003338
134 136 0.25386199026173994
135 136 0.4564851771776849
135 137 0.31676580218605865
136 137 0.7027723033936645
136 138 0.8956064095795138
137 138 0.2577904971415982
137 139 0.764961206362315
138 139 0.6933754589696522
138 140 0.27009148819825757
139 140 0.5175994954240145
139 141 0.42046703665421714
140 141 0.18469979989081575
140 142 0.08724172150572951
141 142 0.8049792042449225
141 143 0.4668526400473315
142 143 0.4159224659953449
142 144 0.9395490548143789
143 144 0.8774194662260354
143 145 0.9164811524223
144 145 0.17580473284234144
144 146 0.4367389342984006
145 146 0.588158284194548
145 147 0.0032197543679060026
146 147 0.7355432004502191
146 148 0.8682202572798513
147 148 0.8960121665873232
147 149 0.20739651357636546
148 149 0.7795530550602678
148 150 0.7038424752025676
149 150 0.46108026169251626
149 151 0.9793131218107469
150 151 0.7835482546519706
150 152 0.9367929112596693
151 152 0.5199913903900888
151 153 0.5944905869980729
152 153 0.06083737582461479
152 154 0.9484058812035596
153 154 0.442715199877859
153 155 0.3631897330298284
154 155 0.8621581221701644
154 156 0.629496323502649
155 156 0.14251282180838765
155 157 0.39276861513958494
156 157 0.9692264419893297
156 158 0.6571346596084229
157 158 0.3183589012788576
157 159 0.9152617069403646
158 159 0.5251726394139996
158 160 0.3456546222531164
159 160 0.06677124144634328
159 161 0.7394396905457732
160 161 0.7532301752077402
160 162 0.5561503545883489
161 162 0.5327133079442763
161 163 0.17684981749032191
162 163 0.8682752812931388
162 164 0.4096592214777154
163 164 0.034088002697174824
163 165 0.6101994630644656
164 165 0.43378467658140907
164 166 0.5511826199186615
165 166 0.5202034577040172
165 167 0.22907580043821363
166 167 0.43982725192663996
166 168 0.6542307219325998
167 168 0.7973207991405121
167 169 0.6932966853135093
168 169 0.49264192158087217
168 170 0.49661033045765113
169 170 0.5847290999427533
169 171 0.2541495474113251
170 171 0.5756115252248695
170 172 0.9503439121978501
171 172 0.5550801699291911
171 173 0.5788770568347935
172 173 0.20155593256762383
172 174 0.918750151491135
173 174 0.49567769551690244
173 175 0.8110951548631675
174 175 0.4315299713044082
174 176 0.6301057384731953
175 176 0.008342369067779187
175 177 0.13969093972867497
176 177 0.29793072433871737
176 178 0.5846769168107406
177 178 0.4085048790337267
177 179 0.6706854011580651
178 179 0.8083061258080226
178 180 0.4507566945884889
179 180 0.19200287664931692
179 181 0.8350956097129937
180 181 0.8528456132036202
180 182 0.8663133322524504
181 182 0.3409909168848744
181 183 0.12917343799270187
182 183 0.05540351083538242
182 184 0.2907523214486325
183 184 0.9111919316009776
183 185 0.5838261854725524
184 185 0.3620632503867296
184 186 0.3897850173530719
185 186 0.5195526364767152
185 187 0.2899457853449652
186 187 0.16855090877309808
186 188 0.41234927086335427
187 188 0.21284438225504154
187 189 0.5429672721313402
188 189 0.9431919576177192
188 190 0.5020335517369645
189 190 0.8614747843469445
189 191 0.6660740673863453
190 191 0.7194382620330494
190 192 0.7159002385966574
191 192 0.5992017619423612
191 193 0.560976766125645
192 193 0.19601108011876922
192 194 0.42644288715627177
193 194 0.558796119476957
193 195 0.8205621108377624
194 195 0.007850328661181294
194 196 0.5516637616963225
195 196 0.7186298599656895
195 197 0.3361117801583374
196 197 0.665256403080279
196 198 0.37238651195007044
197 198 0.7755815616683801
197 199 0.2503467127764848
198 199 0.11841368749042258
198 200 0.14263349119870417
199 200 0.40641560227472695
140 17 0.20325273922921738
13 192 0.7962841087578961
57 80 0.7979412999275568
Loss 0.0 30.0 0.0 0.0 0.0 12.0 0.0 0.0 0.0 72.0 0.0 0.0 0.0 71.0 0.0 0.0 0.0 76.0 0.0 0.0 0.0 97.0 0.0 0.0 0.0 71.0 0.0 0.0 0.0 64.0 0.0 0.0 0.0 67.0 0.0 0.0 0.0 63.0 0.0 0.0 0.0 56.0 0.0 0.0 0.0 49.0 0.0 0.0 0.0 62.0 0.0 0.0 0.0 92.0 0.0 0.0 0.0 98.0 0.0 0.0 0.0 52.0 0.0 0.0 0.0 79.0 0.0 0.0 0.0 14.0 0.0 0.0 0.0 11.0 0.0 0.0 0.0 20.0 0.0 0.0 0.0 53.0 0.0 0.0 0.0 45.0 0.0 0.0 0.0 55.0 0.0 0.0 0.0 10.0 0.0 0.0 0.0 58.0 0.0 0.0 0.0 45.0 0.0 0.0 0.0 78.0 0.0 0.0 0.0 21.0 0.0 0.0 0.0 87.0 0.0 0.0 0.0 98.0 0.0 0.0 0.0 85.0 0.0 0.0 0.0 94.0 0.0 0.0 0.0 67.0 0.0 0.0 0.0 36.0 0.0 0.0 0.0 97.0 0.0 0.0 0.0 34.0 0.0 0.0 0.0 73.0 0.0 0.0 0.0 47.0 0.0 0.0 0.0 45.0 0.0 0.0 0.0 27.0 0.0 0.0 0.0 44.0 0.0 0.0 0.0 61.0 0.0 0.0 0.0 14.0 0.0 0.0 0.0 90.0 0.0 0.0 0.0 29.0 0.0 0.0 0.0 42.0 0.0 0.0 0.0 56.0 0.0 0.0 0.0 23.0 0.0 0.0 0.0 73.0 0.0 0.0 0.0 23.0 0.0 44.0 