325 <--# of nodes, 650 edges 
1 2 0.7027346346039967
1 3 0.28444070316216485
2 3 0.7448710740477174
2 4 0.6920207921223089
3 4 0.22492953582825703
3 5 0.8530744967357112
4 5 0.06790457221864066
4 6 0.2219924708961728
5 6 0.09224920235393941
5 7 0.31895158936543677
6 7 0.23352364848672202
6 8 0.2522678594787082
7 8 0.20354886232798408
7 9 0.7586251647227814
8 9 0.4954000047273883
8 10 0.20285768836647655
9 10 0.7739379703346841
9 11 0.4711184175125238
10 11 0.20473526312306745
10 12 0.2799922373541718
11 12 0.8119032232148032
11 13 0.36688342670015417
12 13 0.8097421356576148
12 14 0.15709409632041194
13 14 0.0345731918050195
13 15 0.7333690652128297
14 15 0.4762884925665859
14 16 0.9630318150817857
15 16 0.06556230544078201
15 17 0.7376527530654418
16 17 0.2701353422694388
16 18 0.22941656911412955
17 18 0.8761810906757785
17 19 0.8425378405263927
18 19 0.6776082442709375
18 20 0.9636469792953176
19 20 0.06795369769033333
19 21 0.3876732546877042
20 21 0.914091054709533
20 22 0.08672330345718193
21 22 0.4146306487218411
21 23 0.3602617691174468
22 23 0.8045282392160014
22 24 0.9296923428287939
23 24 0.8561460084303998
23 25 0.6396614904366031
24 25 0.31601005071914334
24 26 0.44126343408330226
25 26 0.05776806259006684
25 27 0.6246739841196847
26 27 0.20885593808060088
26 28 0.7656566035945193
27 28 0.2822972590773535
27 29 0.41769799589279366
28 29 0.04705620339725092
28 30 0.14159603893378392
29 30 0.3919633144410871
29 31 0.8006781382724272
30 31 0.8405992334569803
30 32 0.5169940424924494
31 32 0.3908801424338245
31 33 0.32696110363846
32 33 0.5684730035234946
32 34 0.636012664393994
33 34 0.5786108087850798
33 35 0.1420593498894428
34 35 0.5118269032527909
34 36 0.16667471378633503
35 36 0.7352393356056819
35 37 0.9544065623726199
36 37 0.24814882325073395
36 38 0.08603132769056643
37 38 0.7554714832051235
37 39 0.24776477120830454
38 39 0.44813695993890035
38 40 0.8082376969521108
39 40 0.2460153726830362
39 41 0.7085894827836798
40 41 0.9740887197750904
40 42 0.7801596501333087
41 42 0.6022187524758472
41 43 0.027165221145906804
42 43 0.33783348647254485
42 44 0.6551568912602718
43 44 0.7478670921968471
43 45 0.07835268454904254
44 45 0.7732420524906513
44 46 0.8462704297598383
45 46 0.762803452086965
45 47 0.3627723653941146
46 47 0.6185855372582733
46 48 0.6093459552531163
47 48 0.7422160259806025
47 49 0.7054563464008373
48 49 0.7596694159940038
48 50 0.9383500392616223
49 50 0.39405902294034467
49 51 0.14142440752204088
50 51 0.2327000001049092
50 52 0.04375048665944681
51 52 0.0053482860004834265
51 53 0.9717502115035074
52 53 0.7369431740534425
52 54 0.5598568881599177
53 54 0.15427836105615633
53 55 0.17694385539643842
54 55 0.27752089586710316
54 56 0.7428192614730571
55 56 0.6893330403680265
55 57 0.49655080983168
56 57 0.9661159094899299
56 58 0.8631022131419543
57 58 0.09491290549795495
57 59 0.3258015168005758
58 59 0.569187184917326
58 60 0.4420275135805096
59 60 0.007477210757252495
59 61 0.6469663656973907
60 61 0.7541347341499627
60 62 0.5759083310439241
61 62 0.1511199561518216
61 63 0.8416754822638678
62 63 0.8051605241498018
62 64 0.22856643403095445
63 64 0.22464889563807056
63 65 0.5760629561791517
64 65 0.8662927633074855
64 66 0.4227739160286229
65 66 0.15191178809066208
65 67 0.2140114978656249
66 67 0.6406438377033529
66 68 0.7303604108449773
67 68 0.6585257319030876
67 69 0.7349601271329671
68 69 0.31309141223865466
68 70 0.6129068615551014
69 70 0.013937082441085158
69 71 0.7596417362280192
70 71 0.106499696214021
70 72 0.6419068854671839
71 72 0.9053993097536799
71 73 0.27769428275044994
72 73 0.4752375348230884
72 74 0.5831030176749102
73 74 0.3825733093413254
73 75 0.2032701858534719
74 75 0.10877172822424153
74 76 0.8089348703430672
75 76 0.3537140959387237
75 77 0.3595291419706582
76 77 0.7371977008772458
76 78 0.23711702938144574
77 78 0.6385466286935988
77 79 0.043219539453067
78 79 0.5864858577945342
78 80 0.053899607283732665
79 80 0.7608937737540016
79 81 0.9294866082275548
80 81 0.5079990989805938
80 82 0.9558308333327881
81 82 0.25638956155202586
81 83 0.4605320755412866
82 83 0.9892068312082554
82 84 0.4810892105849405
83 84 0.8810543646582486
83 85 0.9367804665068383
84 85 0.4348899842207069
84 86 0.7045760468843499
85 86 0.0878034320287936
85 87 0.5107167869858357
86 87 0.2831938136047212
86 88 0.8984660317927625
87 88 0.3867584838333432
87 89 0.09236055011748656
88 89 0.5979193337501021
88 90 0.37472783882041605
89 90 0.21525768961812386
89 91 0.6536480619520596
90 91 0.4185380710817497
90 92 0.3071998781449047
91 92 0.2610936214869656
91 93 0.21515282707686567
92 93 0.19631810649777648
92 94 0.4406821475154479
93 94 0.6493547099693215
93 95 0.31488006819798264
94 95 0.8788262391418071
94 96 0.7200172151825384
95 96 0.5297274390374458
95 97 0.8975340106967128
96 97 0.26358983161411287
96 98 0.7373666031147486
97 98 0.09042810973763982
97 99 0.047571729308129806
98 99 0.8947869764338565
98 100 0.6583661813435561
99 100 0.20528390426278253
99 101 0.6160919280985799
100 101 0.9377357229846864
100 102 0.707212449151173
101 102 0.5706653311580343
101 103 0.6053956178041509
102 103 0.6237287990924589
102 104 0.054601939218963724
103 104 0.9711977091330299
103 105 0.5075077892279857
104 105 0.960617094418012
104 106 0.4207842682006897
105 106 0.9021341723267541
105 107 0.5025067945396307
106 107 0.49155271611362117
106 108 0.7883900320053517
107 108 0.320085686864235
107 109 0.31384728252968985
108 109 0.2644312778014112
108 110 0.6166838101625115
109 110 0.6952349740957338
109 111 0.010403877020018326
110 111 0.11394128961182404
110 112 0.4132847119447367
111 112 0.6103925684645828
111 113 0.05742810881028482
112 113 0.7816516917893044
112 114 0.24530775379947245
113 114 0.637532101664695
113 115 0.39310532173738044
114 115 0.042210998350880824
114 116 0.9783934205367363
115 116 0.49309974491625486
115 117 0.29230855354575735
116 117 0.3442636260269989
116 118 0.817061207267581
117 118 0.5712912900194312
117 119 0.13224350879018631
118 119 0.48221317312943013
118 120 0.947395438313089
119 120 0.4680142886808786
119 121 0.4096721229221879
120 121 0.12470533829116104
120 122 0.8045198195926524
121 122 0.5745252430217266
121 123 0.8941440670169174
122 123 0.3826211113018809
122 124 0.023265400899353916
123 124 0.6521518481764077
123 125 0.43923860821914806
124 125 0.6489413768070125
124 126 4.7651230356893226E-4
125 126 0.6776406520223999
125 127 0.9962400901996225
126 127 0.6871023216061557
126 128 0.6176498084496939
127 128 0.3809471947861557
127 129 0.9737460662818304
128 129 0.4294311411751053
128 130 0.8809230193576735
129 130 0.5989627517848755
129 131 0.9843661657097466
130 131 0.3311699186748144
130 132 0.9916294810096178
131 132 0.3354222263209691
131 133 0.05258156024538385
132 133 0.16100395039886106
132 134 0.8345901306654394
133 134 0.06899387995517381
133 135 0.4473437115155995
134 135 0.5546234919980461
134 136 0.6323806211524954
135 136 0.1171030887153206
135 137 0.7157436628726448
136 137 0.25667804737877764
136 138 0.08356559318906365
137 138 0.7736389949790047
137 139 0.42838570296246503
138 139 0.8675553141722853
138 140 0.05974983607334705
139 140 0.7493318759636074
139 141 0.02660446764725588
140 141 0.02436115799504579
140 142 0.9066273862360199
141 142 0.05682731136949848
141 143 0.01795314676909132
142 143 0.5385750844827446
142 144 0.6135834852932586
143 144 0.45758595939458313
143 145 0.9067959480442644
144 145 0.4627155293612276
144 146 0.6486409137523247
145 146 0.5184779007621246
145 147 0.19891290812208762
146 147 0.1791507622215437
146 148 0.10131540108066395
147 148 0.19060136852169107
147 149 0.930714853833253
148 149 0.8419001668555177
148 150 0.329640346963491
149 150 0.3941484253162344
149 151 0.8059904649730948
150 151 0.3253972785405883
150 152 0.19407534376262714
151 152 0.18545843551176988
151 153 0.6824918578182395
152 153 0.39266268428628304
152 154 0.9235759472947224
153 154 0.8813663549364114
153 155 0.5930753243379635
154 155 0.2567898077957621
154 156 0.47228917251296143
155 156 0.2106054078050783
155 157 0.9944473764257966
156 157 0.6556489357589498
156 158 0.6289083755086063
157 158 0.4513097923422037
157 159 0.9643538029066663
158 159 0.002786940990082143
158 160 0.9528594498476083
159 160 0.3045147540662214
159 161 0.2619246683202695
160 161 0.6638014109438048
160 162 0.33925631110003196
161 162 0.8438494373161974
161 163 0.06478906285492003
162 163 0.32710003975333235
162 164 0.9688206674976858
163 164 0.3807455929049478
163 165 0.08359373893631594
164 165 0.2929716673774275
164 166 0.8330934631785558
165 166 0.8835085426820518
165 167 0.06230773058881356
166 167 0.5784361310504048
166 168 0.8149516000511038
167 168 0.42907111821269794
167 169 0.42459797988082093
168 169 0.8375905790933298
168 170 0.26422378892645937
169 170 0.28936541713292896
169 171 0.12038040401200722
170 171 0.7843067346691054
170 172 0.012381475562371791
171 172 0.5040914477107581
171 173 0.6605938398947969
172 173 0.5581037470561949
172 174 0.23466474996537812
173 174 0.13763287342179853
173 175 0.8924334898437929
174 175 0.9406466303119798
174 176 0.48792018554825534
175 176 0.028622858853264543
175 177 0.7958077512109186
176 177 0.18959329795547364
176 178 0.8959536095231241
177 178 0.13628078849153813
177 179 0.9116682147549761
178 179 0.2595279543401663
178 180 0.615019693994214
179 180 0.24100956863829337
179 181 0.4863652140875805
180 181 0.21083735823955996
180 182 0.46051916638773194
181 182 0.4688596122933254
181 183 0.14411760232661552
182 183 0.21482685780267963
182 184 0.26612808107489305
183 184 0.2706502909051496
183 185 0.9061252968081376
184 185 0.38876045384254765
184 186 0.6705824937831493
185 186 0.660320716480978
185 187 0.39090194512573084
186 187 0.6153814353133211
186 188 0.7849696122589201
187 188 0.29735577506981914
187 189 0.5321523143816502
188 189 0.7223800458211007
188 190 0.35415140745888274
189 190 0.9486886935422992
189 191 0.9168630802726792
190 191 0.14401423803316304
190 192 0.33423926246509994
191 192 0.5987868982085254
191 193 0.03812918110244223
192 193 0.9776598578747493
192 194 0.8108102289663582
193 194 0.3367148592961422
193 195 0.8196104097599236
194 195 0.4307185654560919
194 196 0.3675682934186304
195 196 0.11890434585739273
195 197 0.22178153550362434
196 197 0.6486147409105788
196 198 0.21840982653006524
197 198 0.3142357485966394
197 199 0.08481852180312144
198 199 0.4227585895248971
198 200 0.7913005015043734
199 200 0.8931249284551973
199 201 0.7851555756523504
200 201 0.9524223750487019
200 202 0.8976018818760508
201 202 2.0337620730659367E-4
201 203 0.8192701691433933
202 203 0.8918531634293402
202 204 0.30493343021264085
203 204 0.06890271480745613
203 205 0.07168607516181114
204 205 0.09213518430567391
204 206 0.06566631282944546
205 206 0.2912879963953515
205 207 0.29677719965249405
206 207 0.38336041365618023
206 208 0.24961958468191803
207 208 0.09762698945991222
207 209 0.7329549232733079
208 209 0.18051124987457334
208 210 0.43156661805448315
209 210 0.23789927611862616
209 211 0.2690211242699556
210 211 0.09271923577257768
210 212 0.7788269149652258
211 212 0.2486661850617533
211 213 0.5503118312318291
212 213 0.05101165508587013
212 214 0.37244797883638436
213 214 0.40009940755316153
213 215 0.7095460175808612
214 215 0.23882971942191822
214 216 0.9509553265146723
215 216 0.06591539582728567
215 217 0.18961540905363417
216 217 0.05501829855518592
216 218 0.12541401458935997
217 218 0.7455353189751803
217 219 0.7000639478278412
218 219 0.31963725430979906
218 220 0.7425300858091505
219 220 0.1855517729519991
219 221 0.44457905747850845
220 221 0.31782131343568865
220 222 0.756256750071232
221 222 0.009885531767352074
221 223 0.1950502475618361
222 223 0.1207138301475964
222 224 0.8721926112971871
223 224 0.7494162841287664
223 225 0.7069551839587231
224 225 0.5022587299230116
224 226 0.7930046222405499
225 226 0.5524865487004095
225 227 0.579570364699277
226 227 0.8003759275085726
226 228 0.9113119317259835
227 228 0.9884026506812262
227 229 0.6567357166396135
228 229 0.8233550231937424
228 230 0.4533609031868454
229 230 0.3153791783918811
229 231 0.7752448506540032
230 231 0.3313821211015193
230 232 0.35853929114757455
231 232 0.9845982832308773
231 233 0.7549008639775046
232 233 0.34459500646736196
232 234 0.18039464215403733
233 234 0.5388684750341032
233 235 0.633707775519345
234 235 0.6437559265625085
234 236 0.837675458805196
235 236 0.8722124498821837
235 237 0.3788174404997027
236 237 0.7656004441331724
236 238 0.9353685482993006
237 238 0.6259996577843314
237 239 0.32987782407017474
238 239 0.5151972314775964
238 240 0.9015836627040331
239 240 0.04584514949247476
239 241 0.6245780001376345
240 241 0.6593488457031552
240 242 0.863198212570095
241 242 0.9882798350812452
241 243 0.5050685189387513
242 243 0.09973335283737816
242 244 0.9001309453414026
243 244 0.4935031082442748
243 245 0.008860537863250473
244 245 0.6246835300453041
244 246 0.41837139320080885
245 246 0.9244022884719082
245 247 0.566005962619174
246 247 0.20878077298176168
246 248 0.3404026929709131
247 248 0.7688840786200221
247 249 0.8321393375347795
248 249 0.09912393599427871
248 250 0.03969677573290464
249 250 0.6931160405794787
249 251 0.3006559637111459
250 251 0.3558288348197668
250 252 0.33149698506860314
251 252 0.43890237918482444
251 253 0.9565866202126743
252 253 0.6959104761285362
252 254 0.034589259924940774
253 254 0.8265254086130472
253 255 0.3049702835864526
254 255 0.06976864927527504
254 256 0.49142020402048736
255 256 0.9086574759845018
255 257 0.39775229180892435
256 257 0.1100383371998489
256 258 0.5087848865096035
257 258 0.611637731902436
257 259 0.5939849915179789
258 259 0.24027483940698746
258 260 0.721005294514186
259 260 0.8244727877122754
259 261 0.7564190107902092
260 261 0.5493566931088132
260 262 0.9723457893127706
261 262 0.47373351634049
261 263 0.5770863514750543
262 263 0.2882189043854899
262 264 0.6838901434781864
263 264 0.5326663290970879
263 265 0.16860051638917128
264 265 0.8676546405673176
264 266 0.8697515162123435
265 266 0.6458336343621381
265 267 0.64768640704717
266 267 0.9782979261919083
266 268 0.7694299387585325
267 268 0.08225026661320423
267 269 0.37632596702744814
268 269 0.2537945848012879
268 270 0.3484349445714954
269 270 0.4330864867261903
269 271 0.21637377805595426
270 271 0.13957036055221794
270 272 0.032505363411688415
271 272 0.43462549023543195
271 273 0.888282718114788
272 273 0.6097485879165132
272 274 0.15832180943337693
273 274 0.7430083224980534
273 275 0.3936556814151815
274 275 0.5549647045088831
274 276 0.11442472430308925
275 276 0.343792438365615
275 277 0.09142592649773817
276 277 0.22084619530664906
276 278 0.9897987372796555
277 278 0.5030908501006328
277 279 0.8589089720756129
278 279 0.7629577239074299
278 280 0.28106725929547316
279 280 0.13801201571586952
279 281 0.9066459097339488
280 281 0.6421131826281965
280 282 0.22314134041712352
281 282 0.3252611174717688
281 283 0.42111876973132434
282 283 0.9994316901028233
282 284 0.06829037019335593
283 284 0.7017978150866647
283 285 0.3839252727883746
284 285 0.829979515081505
284 286 0.06618167535486552
285 286 0.5427551540429882
285 287 0.7561525182843043
286 287 0.33418206030866315
286 288 0.12766610714446525
287 288 0.9605758925107328
287 289 0.49863292153525995
288 289 0.9862568081872678
288 290 0.895484840740194
289 290 0.8504444198283383
289 291 0.25795562692223284
290 291 0.3671319907078169
290 292 0.037213801128665125
291 292 0.7678435450168655
291 293 0.8282001112620854
292 293 0.45299874679193153
292 294 0.603384200533144
293 294 0.23964868252048255
293 295 0.20859535044009403
294 295 0.9525928154057776
294 296 0.1979611351776296
295 296 0.7437982853650583
295 297 0.4769752682800482
296 297 0.9316077041394109
296 298 0.9807549985113514
297 298 0.47586817949217464
297 299 0.7763158115645868
298 299 0.7308620794233628
298 300 0.659006907049814
299 300 0.9708653964496747
299 301 0.2606269521933381
300 301 0.2580066408077002
300 302 0.8120469968070627
301 302 0.40288043638301074
301 303 0.5690155714363638
302 303 0.9257198561833206
302 304 0.9723416589941934
303 304 0.3156260775574514
303 305 0.4335626711456658
304 305 0.21159492714774053
304 306 0.9047923034248365
305 306 0.47196811628047797
305 307 0.29647893864775066
306 307 0.8915788948576053
306 308 0.9025082284120092
307 308 0.8782825155080988
307 309 0.7004935786893569
308 309 0.2683510111353552
308 310 0.48853879222728347
309 310 0.48119482225947396
309 311 0.6196743031305852
310 311 0.25863903194894466
310 312 0.3661638902419436
311 312 0.48685725373257194
311 313 0.5193198261396313
312 313 0.8802776909244551
312 314 0.4636073547302867
313 314 0.6872287944270918
313 315 0.9566300990641086
314 315 0.44613049105398184
314 316 0.4462046105721613
315 316 0.29587277163424086
315 317 0.29347980401307094
316 317 0.8110749490764583
316 318 0.5491091844852666
317 318 0.7496512124793036
317 319 0.284509566195995
318 319 0.9221613042300927
318 320 0.9957667540310133
319 320 0.8568130078299006
319 321 0.03970066806150074
320 321 0.6770092260694528
320 322 0.8081790233731705
321 322 0.8685101723149408
321 323 0.7277524059379733
322 323 0.5803837880228709
322 324 0.7812575144540297
323 324 0.9908848460334113
323 325 0.9918186311631437
324 325 0.5799627178086738
177 34 0.5760378491933987
274 99 0.7057786459620458
272 321 0.15484121189246158
Loss 0.0 78.0 0.0 0.0 0.0 9.0 0.0 0.0 0.0 73.0 0.0 0.0 0.0 10.0 0.0 0.0 0.0 7.0 0.0 0.0 0.0 86.0 0.0 0.0 0.0 9.0 0.0 0.0 0.0 70.0 0.0 0.0 0.0 59.0 0.0 0.0 0.0 11.0 0.0 0.0 0.0 73.0 0.0 0.0 0.0 91.0 0.0 0.0 0.0 36.0 0.0 0.0 0.0 43.0 0.0 0.0 0.0 73.0 0.0 0.0 0.0 60.0 0.0 0.0 0.0 12.0 0.0 0.0 0.0 53.0 0.0 0.0 0.0 46.0 0.0 0.0 0.0 74.0 0.0 0.0 0.0 64.0 0.0 0.0 0.0 51.0 0.0 0.0 0.0 94.0 0.0 0.0 0.0 9.0 0.0 0.0 0.0 16.0 0.0 0.0 0.0 58.0 0.0 0.0 0.0 15.0 0.0 0.0 0.0 93.0 0.0 0.0 0.0 41.0 0.0 0.0 0.0 9.0 0.0 0.0 0.0 65.0 0.0 0.0 0.0 57.0 0.0 0.0 0.0 78.0 0.0 0.0 0.0 83.0 0.0 0.0 0.0 91.0 0.0 0.0 0.0 33.0 0.0 0.0 0.0 8.0 0.0 0.0 0.0 76.0 0.0 0.0 0.0 2.0 0.0 0.0 0.0 30.0 0.0 0.0 0.0 77.0 0.0 0.0 0.0 16.0 0.0 0.0 0.0 92.0 0.0 0.0 0.0 89.0 0.0 0.0 0.0 56.0 0.0 0.0 0.0 20.0 0.0 0.0 0.0 46.0 0.0 0.0 0.0 45.0 0.0 0.0 0.0 82.0 0.0 0.0 0.0 73.0 0.0 0.0 0.0 37.0 0.0 0.0 0.0 53.0 0.0 0.0 0.0 76.0 0.0 0.0 0.0 8.0 0.0 0.0 0.0 2.0 0.0 0.0 0.0 25.0 0.0 0.0 0.0 84.0 0.0 0.0 0.0 35.0 0.0 0.0 0.0 80.0 0.0 0.0 0.0 63.0 0.0 0.0 0.0 39.0 0.0 0.0 0.0 95.0 0.0 0.0 0.0 86.0 0.0 0.0 0.0 77.0 0.0 0.0 0.0 92.0 0.0 0.0 0.0 67.0 0.0 0.0 0.0 99.0 0.0 0.0 0.0 50.0 0.0 0.0 0.0 16.0 0.0 0.0 0.0 52.0 0.0 0.0 0.0 2.0 0.0 0.0 0.0 19.0 0.0 0.0 0.0 16.0 0.0 0.0 0.0 16.0 0.0 0.0 0.0 95.0 0.0 0.0 0.0 33.0 0.0 0.0 0.0 28.0 0.0 0.0 0.0 85.0 0.0 0.0 0.0 51.0 0.0 0.0 0.0 71.0 0.0 0.0 0.0 80.0 0.0 0.0 62.0 