475 <--# of nodes, 950 edges 
1 2 0.6495864570709972
1 3 0.6794797000562293
2 3 0.8088550734700919
2 4 0.6425605050570041
3 4 0.1792836243814948
3 5 0.1394693536817605
4 5 0.39459868512918517
4 6 0.5978633388099798
5 6 0.41040154601525036
5 7 0.7493883639652665
6 7 0.24535142404087273
6 8 0.1491027237371777
7 8 0.3053326392999651
7 9 0.8045273349772769
8 9 0.7901558922234662
8 10 0.38082756104677495
9 10 0.11489963482805543
9 11 0.23091678265963456
10 11 0.8136880785445932
10 12 0.8137088834646189
11 12 0.9076652205584076
11 13 0.22715570023008358
12 13 0.6730622381247081
12 14 0.014495808442539393
13 14 0.9013404004518978
13 15 0.1757124363042757
14 15 0.542569409414016
14 16 0.2766769829907395
15 16 0.7399915551588833
15 17 0.7801748656327354
16 17 0.23047318800084093
16 18 0.5550690194110415
17 18 0.33729864718220637
17 19 0.5326392769285819
18 19 0.33004038876203146
18 20 0.40886934963207067
19 20 0.47002987260802287
19 21 0.20397015046540623
20 21 0.38326045760233807
20 22 0.7869674308137782
21 22 0.2544921308433198
21 23 0.35350428630848185
22 23 0.7756517494973819
22 24 0.6319924225362548
23 24 0.23211122054017475
23 25 0.5920109129336687
24 25 0.8270278353936733
24 26 0.058870236449424795
25 26 0.7577906912218497
25 27 0.57336717904274
26 27 0.3118248256979391
26 28 0.890247136235123
27 28 0.19778309402753436
27 29 0.2373002453662536
28 29 0.5998392940010636
28 30 0.7443504957515445
29 30 0.04079604916944768
29 31 0.9515637851436588
30 31 0.7427451559520595
30 32 0.013833967969611005
31 32 0.07255748939704965
31 33 0.7744885873240808
32 33 0.2647729154539886
32 34 0.9143426480024004
33 34 0.2699126633846761
33 35 0.11278046259629027
34 35 0.044969547888124906
34 36 0.16028023817822867
35 36 0.2597034222476575
35 37 0.0998743245625815
36 37 0.06479207686372546
36 38 0.5596048815388697
37 38 0.24688307929494746
37 39 0.4347813173059347
38 39 0.024591973219174834
38 40 0.8018447221883296
39 40 0.7160147733860488
39 41 0.028284013450237344
40 41 0.5753769716076715
40 42 0.4965464270278698
41 42 0.7492311936636147
41 43 0.892841399264389
42 43 0.7818003455873895
42 44 0.2948708593390189
43 44 0.5997487943369662
43 45 0.21688146463539215
44 45 0.07070995429006321
44 46 0.87095955618897
45 46 0.8381179112882876
45 47 0.8932405808081525
46 47 0.8901840064676328
46 48 0.507519940860877
47 48 0.9515873212909048
47 49 0.33881821781993193
48 49 0.13952929254539725
48 50 0.9275442163996512
49 50 0.6832805513823285
49 51 0.8629321410448797
50 51 0.29675194054384957
50 52 0.08073576556763284
51 52 0.7581056564914792
51 53 0.8991617210639896
52 53 0.1039605473107561
52 54 0.2563439198083918
53 54 0.9496739178375202
53 55 0.19163280719488107
54 55 0.2768723694969074
54 56 0.41377149004835434
55 56 0.2928087207391802
55 57 0.08612673476134125
56 57 0.8553146846681741
56 58 0.2733847300067678
57 58 0.3158914935416043
57 59 0.7083898014943764
58 59 0.34748440572258965
58 60 0.2647351778634044
59 60 0.817614762849531
59 61 0.6673282460970974
60 61 0.24072758664847504
60 62 0.5250489306543926
61 62 0.8151578995631532
61 63 0.6074992885828848
62 63 0.4141966039798666
62 64 0.8692289696897186
63 64 0.9848544518793174
63 65 0.6927939876800968
64 65 0.7103826250887608
64 66 0.37542402373940575
65 66 0.8367883898908868
65 67 0.23652526523757478
66 67 0.8816407984939185
66 68 0.5509135927102492
67 68 0.17731123642183233
67 69 0.7880908028144357
68 69 0.8835379573729589
68 70 0.7091468760229603
69 70 0.322557538493519
69 71 0.407604064458973
70 71 0.7064910007957631
70 72 0.6820155806051101
71 72 0.3430497153627464
71 73 0.11106669788143309
72 73 0.27959786400956976
72 74 0.24423181243531666
73 74 0.9015238436078643
73 75 0.07157830104693275
74 75 0.8001215079117926
74 76 0.2612540758845321
75 76 0.002001776781221043
75 77 0.42647214011668977
76 77 0.46451483957886386
76 78 0.24150213507565477
77 78 0.4262652872359276
77 79 0.3586826301766708
78 79 0.8310897416702059
78 80 0.39630449852250116
79 80 0.6703522066897784
79 81 0.31137827554930664
80 81 0.18058132798790794
80 82 0.7994574371934263
81 82 0.37607198228057104
81 83 0.06888951049026326
82 83 0.13061442211664664
82 84 0.8139920009444244
83 84 0.12347936477667787
83 85 0.6645345848127201
84 85 0.9327479718149968
84 86 0.6799599554187703
85 86 0.15565054400813838
85 87 0.5593666954273686
86 87 0.5067738090680766
86 88 0.487897666395153
87 88 0.1574146806887219
87 89 0.5365727282800865
88 89 0.9824171552571772
88 90 0.04192096795494382
89 90 0.20631855890472517
89 91 0.26142795649903805
90 91 0.2933120871398104
90 92 0.36464655473143714
91 92 0.3946739619545655
91 93 0.36389854139129796
92 93 0.1903925602774973
92 94 0.7862487514966738
93 94 0.10873469839763228
93 95 0.8101263030419075
94 95 0.616541342163207
94 96 0.30469060682147153
95 96 0.4114465452218212
95 97 0.8450057623825499
96 97 0.2664160115798675
96 98 0.2600062545649934
97 98 0.7685801314635019
97 99 0.7408161544986337
98 99 0.1033245959692275
98 100 0.7492623014240002
99 100 0.05154592030609162
99 101 0.10150160368093197
100 101 0.7127045320510942
100 102 0.5817144567870357
101 102 0.9661122848705378
101 103 0.6069865926367796
102 103 0.09954694730790237
102 104 0.444982323768753
103 104 0.8975640753458912
103 105 0.24689629083288778
104 105 0.7451950647204939
104 106 0.2426162701904806
105 106 0.5570163603778978
105 107 0.17028542875236274
106 107 0.4198500252887378
106 108 0.9056864848152721
107 108 0.62715215700705
107 109 0.3276153681958146
108 109 0.5040228255530353
108 110 0.5678528144740129
109 110 0.20695904777361396
109 111 0.16183683087956435
110 111 0.8827841209505435
110 112 0.7743875871425568
111 112 0.15811923422691454
111 113 0.01692640713157989
112 113 0.961535859848037
112 114 0.44471021432918356
113 114 0.6966090635186488
113 115 0.7514647821012497
114 115 0.6234842208048722
114 116 0.686193190708277
115 116 0.8688309956206448
115 117 0.9579987418630088
116 117 0.8282526524417864
116 118 0.10590615587353192
117 118 0.13933974367253144
117 119 0.32856006202028054
118 119 0.23571408142223182
118 120 0.6893283105209214
119 120 0.9436466211221906
119 121 0.4606484898464872
120 121 0.4965437851862883
120 122 0.6657394818712453
121 122 0.34021177274107595
121 123 0.946238336465669
122 123 0.4036005441226953
122 124 0.8798488930522503
123 124 0.13261652685496683
123 125 0.22293523274113025
124 125 0.6388506629449453
124 126 0.2942574305012068
125 126 0.1487531051216855
125 127 0.9444188189781716
126 127 0.49469775098825297
126 128 0.7243239881501209
127 128 0.21611852740170878
127 129 0.6755940947873571
128 129 0.6749922454003343
128 130 0.9034817558617401
129 130 0.9847574556887017
129 131 0.8383603708668664
130 131 0.5754406161894647
130 132 0.16008885392970706
131 132 0.2721319801162796
131 133 0.7642032046170996
132 133 0.5079603284750399
132 134 0.029803334289761785
133 134 0.015491969590983645
133 135 0.6512851161206379
134 135 0.4094007911377081
134 136 0.11401033672495253
135 136 0.5024950912949242
135 137 0.020430526033549112
136 137 0.16182462426646627
136 138 0.012616553322502222
137 138 0.010255755627860408
137 139 0.779009985571935
138 139 0.6595740790025915
138 140 0.16231299249684128
139 140 0.5512290921241659
139 141 0.9139098034398228
140 141 0.9989264350977962
140 142 0.9784974163085024
141 142 0.9914458457952574
141 143 0.5711862376743944
142 143 0.7575417390952166
142 144 0.22636207551172827
143 144 0.12194733501180866
143 145 0.41342394915067837
144 145 0.9191237292462362
144 146 0.8559022478197043
145 146 0.46110707789915806
145 147 0.955630024923661
146 147 0.29562735275828034
146 148 0.47470422461927364
147 148 0.2978955114290711
147 149 0.717092972427547
148 149 0.9637292873153293
148 150 0.5562323464547687
149 150 0.46697329377893404
149 151 0.0472974792743216
150 151 0.21063538249978864
150 152 0.526442122428989
151 152 0.5652498138016255
151 153 0.5814965931159839
152 153 0.5020884943618977
152 154 0.906931724354296
153 154 0.36281414342791074
153 155 0.37974136752837684
154 155 0.48987518295963883
154 156 0.3545566818327823
155 156 0.1489260037419019
155 157 0.8878453503134046
156 157 0.12546280478584826
156 158 0.4564404652748767
157 158 0.5565526691387207
157 159 0.09860160406927942
158 159 0.43237197969732843
158 160 0.0936002978443129
159 160 0.493515950026963
159 161 0.6554254966076779
160 161 0.6665790511265923
160 162 0.4492773894919341
161 162 0.3028323256483053
161 163 0.985154286334834
162 163 0.7723192757260173
162 164 0.6560602696030019
163 164 0.44205494431572145
163 165 0.735992322057718
164 165 0.5094428511841729
164 166 0.86970147801134
165 166 0.07537523139256452
165 167 0.27099173262348064
166 167 0.2112951921318087
166 168 0.41245583600159663
167 168 0.9437848492457903
167 169 0.7664125854780395
168 169 0.9505591078049921
168 170 0.689936434374946
169 170 0.5944535828972388
169 171 0.34718874262934596
170 171 0.7758201208080802
170 172 0.04797428092762268
171 172 0.7097112592098043
171 173 0.2654945695730636
172 173 0.7366704382304937
172 174 0.020819221997324333
173 174 0.48670184437428365
173 175 0.8649821619297939
174 175 0.01743436840094026
174 176 0.04354957252651881
175 176 0.451227038464736
175 177 0.7483418718960222
176 177 0.4947002606844324
176 178 0.3455482122347976
177 178 0.09129298193320479
177 179 0.1493484924884413
178 179 0.7827645209294873
178 180 0.21374619185793375
179 180 0.6238601793844114
179 181 0.14428169208477648
180 181 0.32819963557412746
180 182 0.8910031366420572
181 182 0.3304478713328969
181 183 0.8261384420099569
182 183 0.12164185905705593
182 184 0.22986335371615552
183 184 0.4004184628372759
183 185 0.4429502051679368
184 185 0.7157310072251956
184 186 0.3143788506577587
185 186 0.39326131329201264
185 187 0.07464988263042671
186 187 0.701756258594727
186 188 0.6246471099530244
187 188 0.11919835184116778
187 189 0.4430031957030005
188 189 0.18732971688272604
188 190 0.9123055095217941
189 190 0.6659234189400285
189 191 0.1901755370621362
190 191 0.6114501939098852
190 192 0.6284965690067733
191 192 0.9975590817359001
191 193 0.2878444195714611
192 193 0.07221909217060551
192 194 0.44437977549618557
193 194 0.6429365632243286
193 195 0.07330731167844351
194 195 0.49264443617060927
194 196 0.642081940290511
195 196 0.8938902412847364
195 197 0.46920525224734544
196 197 0.2763838340618342
196 198 0.47590449667620627
197 198 0.18289699786904168
197 199 0.8046762818062263
198 199 0.6554772845957332
198 200 0.4397136592046982
199 200 0.4807436334753805
199 201 0.4159570969838231
200 201 0.9178247855441111
200 202 0.6248975862532594
201 202 0.07923291881340133
201 203 0.4419780584824198
202 203 0.36520006425282503
202 204 0.14188956083815452
203 204 0.9815668975055042
203 205 0.8818061881883531
204 205 0.6514095839690319
204 206 0.5636061734331421
205 206 0.5969057580742333
205 207 0.18829730104322284
206 207 0.9332870701131456
206 208 0.1901512849820599
207 208 0.34582002639340326
207 209 0.5388381257552889
208 209 0.2790352606730886
208 210 0.5629949362674552
209 210 0.140086573994868
209 211 0.011277353983256133
210 211 0.053988799506655694
210 212 0.014910982580031318
211 212 0.4623960264575301
211 213 0.7929888998258978
212 213 0.3762733769729324
212 214 0.06653787587727511
213 214 0.45391691639426923
213 215 0.01733245309207676
214 215 0.17459372474682144
214 216 0.26654704698117226
215 216 0.15307450118370636
215 217 0.8683641508246501
216 217 0.2894259186614744
216 218 0.9558456853530503
217 218 0.6318317143668857
217 219 0.7983176088552435
218 219 0.9391111057493848
218 220 0.9343268143581318
219 220 0.6772672908636991
219 221 0.33085618114063264
220 221 0.6316075455694211
220 222 0.36922079908143446
221 222 0.009012433149165888
221 223 0.6194241386761838
222 223 0.6151551331318418
222 224 0.7704804035139411
223 224 0.4359552502715094
223 225 0.9926039896454254
224 225 0.8157813539271457
224 226 0.15841531862842928
225 226 0.16743134380122504
225 227 0.3684522603838286
226 227 0.46886728748575957
226 228 0.03298527220679626
227 228 0.046197348441642694
227 229 0.6685489827477417
228 229 0.33002744051299027
228 230 0.38444569670856776
229 230 0.7036844074652243
229 231 0.13936436995654644
230 231 0.8967351306673741
230 232 0.7198303057681218
231 232 0.34159818123884333
231 233 0.20659415408138881
232 233 0.6520475920715345
232 234 0.7990348680072901
233 234 0.26444844628133435
233 235 0.2979684492631691
234 235 0.26084316976367616
234 236 0.8321996986944937
235 236 0.5566973622734351
235 237 0.7983942376602677
236 237 0.2082139289030026
236 238 0.018128476290767637
237 238 0.8760264236554324
237 239 0.996435590107049
238 239 0.7919456933781089
238 240 0.19167265015656876
239 240 0.378036436316216
239 241 0.2670495842510897
240 241 0.16066272616673538
240 242 0.0710656495134192
241 242 0.5298961471792417
241 243 0.4225854854622185
242 243 0.9486904282499594
242 244 0.47033441848323254
243 244 0.7793725139861021
243 245 0.5141989970214748
244 245 0.5088701389525101
244 246 0.17360819090439095
245 246 0.4292804427103165
245 247 0.3843844174932928
246 247 0.7180114733479483
246 248 0.5197521892709488
247 248 0.027029265838711347
247 249 0.2507797081009374
248 249 0.48878376570382565
248 250 0.820100289880658
249 250 0.7370619827608131
249 251 0.21258437760288318
250 251 0.8769972235545795
250 252 0.376898584836852
251 252 0.8808228215713703
251 253 0.9502458182093868
252 253 0.8606981879658714
252 254 0.015824815562226813
253 254 0.2674566537216586
253 255 0.28273771574520457
254 255 0.9093581720844969
254 256 0.25931573154942666
255 256 0.13274865433581762
255 257 0.033156531910307985
256 257 0.17648798305886437
256 258 0.6436665125863436
257 258 0.1972173906343302
257 259 0.5967242789317793
258 259 0.789336158415127
258 260 0.9763791828831719
259 260 0.9672315430056534
259 261 0.4775543656477933
260 261 0.15722509329466783
260 262 0.2929037381504658
261 262 0.4073910082387473
261 263 0.8355114148755829
262 263 0.6116896576309717
262 264 0.8456591190387731
263 264 0.5343209278527526
263 265 0.19379723817510086
264 265 0.4501638512674967
264 266 0.004720668823215979
265 266 0.31294427578397
265 267 0.41423814921520463
266 267 0.21783868108691695
266 268 0.3531895649778808
267 268 0.2807558569389207
267 269 0.6572791445254985
268 269 0.2606148635303762
268 270 0.8861175285038546
269 270 0.14827200495209492
269 271 0.9510612227739179
270 271 0.3114272886731264
270 272 0.8945766663219475
271 272 0.6281067559677803
271 273 0.400001667423845
272 273 0.7606696047796323
272 274 0.4998799188937899
273 274 0.4472585388375634
273 275 0.8561511508197855
274 275 0.2933270594176336
274 276 0.8534425085185554
275 276 0.3155399294891329
275 277 0.5591531707622615
276 277 0.849392346888315
276 278 0.059663778886901775
277 278 0.746708631020469
277 279 0.7701654241565545
278 279 0.20875714540771728
278 280 0.5225770017682875
279 280 0.6649249990118818
279 281 0.13012585884907224
280 281 0.14562276832501753
280 282 0.7321880257559595
281 282 0.2558638864697267
281 283 0.2740343559652496
282 283 4.999628831958702E-5
282 284 0.6584629142467102
283 284 0.43270054540709113
283 285 0.5602237705394822
284 285 0.27781184734229025
284 286 0.5768461203575962
285 286 0.05927993467847481
285 287 0.8134078122899008
286 287 0.8249887538559086
286 288 0.19164314420388717
287 288 0.44121718184880754
287 289 0.43066898906539586
288 289 0.27134266912870664
288 290 0.32280032406561876
289 290 0.026997713420777503
289 291 0.8535724559841064
290 291 0.38330765420459056
290 292 0.4064144501893773
291 292 0.8357846970834272
291 293 0.3311403898884898
292 293 0.7962752944045615
292 294 0.768432684363505
293 294 0.6645913052450596
293 295 0.9298697553239327
294 295 0.2689125817407194
294 296 0.8307789949399346
295 296 0.0758339805755095
295 297 0.26311795362099943
296 297 0.4286070127885424
296 298 0.5697661775391056
297 298 0.16018259126129786
297 299 0.13467207417955607
298 299 0.06918732423869667
298 300 0.15818826429291855
299 300 0.13720070211843316
299 301 0.36097858682626804
300 301 0.6107022480370367
300 302 0.41943252623725447
301 302 0.021903673345527563
301 303 0.2592157802919173
302 303 0.7029124324245731
302 304 0.11042481926414549
303 304 0.3394721856573124
303 305 0.5743837308731994
304 305 0.7135320538336057
304 306 0.5720781543497592
305 306 0.5183500013011899
305 307 0.1735115397221607
306 307 0.8336475534928464
306 308 0.028014217377693384
307 308 0.5399722317775723
307 309 0.22764351084982115
308 309 0.8268248516720534
308 310 0.5929941852470041
309 310 0.9699510331104231
309 311 0.09213752130150832
310 311 0.9642110218595679
310 312 0.5631088251375261
311 312 0.06846784092128544
311 313 0.630180300217536
312 313 0.8507885311220099
312 314 0.5226635519598104
313 314 0.8322759418815148
313 315 0.40296418441062287
314 315 0.028805668563482767
314 316 0.24080848234287622
315 316 0.0988208010513093
315 317 0.0825848671776015
316 317 0.7390207950536005
316 318 0.22038901148833445
317 318 0.08883324651096736
317 319 0.4750905938020963
318 319 0.7541575655680502
318 320 0.8855141731852323
319 320 0.566356065620581
319 321 0.39227927804773555
320 321 0.6163966729115963
320 322 0.3233903953015983
321 322 0.9176239873685162
321 323 0.716492547693012
322 323 0.035101611955009604
322 324 0.38297948036440665
323 324 0.8269491461083169
323 325 0.9047868196611417
324 325 0.22428598498338836
324 326 0.22972454878008108
325 326 0.5754545652497319
325 327 0.23937484192677794
326 327 0.7700776505186789
326 328 0.8763052976998765
327 328 0.9602649903190308
327 329 0.7164498262902874
328 329 0.014247598101365888
328 330 0.10131055001452616
329 330 0.9989596050345093
329 331 0.5170987662742574
330 331 0.9551917549892256
330 332 0.8968353818918894
331 332 0.7744579234509479
331 333 0.1610424613478596
332 333 0.03069262329837219
332 334 0.06953588178867087
333 334 0.3893558986452835
333 335 0.36696566634329075
334 335 0.4610593356319357
334 336 0.28560092429172645
335 336 0.8969392779596952
335 337 0.44269318556465065
336 337 0.3494549212766145
336 338 0.9846543456511431
337 338 0.5647748192013546
337 339 0.5039265684139198
338 339 0.8101533900741318
338 340 0.5212581531543276
339 340 0.3271241074614346
339 341 0.06838708810210181
340 341 0.2748653356520715
340 342 0.6452350880146647
341 342 0.671284992203417
341 343 0.8734060015638389
342 343 0.9862047860902238
342 344 0.26950074058434803
343 344 0.8398910367731982
343 345 0.9793703159041455
344 345 0.9732291983117368
344 346 0.9836785057425894
345 346 0.9404802985091498
345 347 0.47101780425920714
346 347 0.13819024568481575
346 348 0.574935187872802
347 348 0.1314887315804939
347 349 0.847233839930959
348 349 0.18219478424912272
348 350 0.7678884156841971
349 350 0.19798985545822612
349 351 0.024699666586941338
350 351 0.11204272157950546
350 352 0.853040240246532
351 352 0.11806069345539694
351 353 0.5167434113177106
352 353 0.9736700852262636
352 354 0.9816513835670254
353 354 0.11210694462427129
353 355 0.627636427319769
354 355 0.5778716654244527
354 356 0.8789429291193287
355 356 0.006701756176244911
355 357 0.47415094449438344
356 357 0.4959697052508708
356 358 0.41204907423237014
357 358 0.2779584794150233
357 359 0.01774423087644772
358 359 0.20377160045001175
358 360 0.3429178797348822
359 360 0.2179071907133624
359 361 0.31462947923892126
360 361 0.08649322966979733
360 362 0.35184643847268915
361 362 0.09261567492472467
361 363 0.5567704063410651
362 363 0.1650737033364238
362 364 0.6356768033162069
363 364 0.35779584949861165
363 365 0.49478105459714405
364 365 0.035729874098909375
364 366 0.246019147715681
365 366 0.8594694007932835
365 367 0.15189155491363804
366 367 0.5833808251995494
366 368 0.3574417424256636
367 368 0.13621713265551727
367 369 0.12754217579393012
368 369 0.32244494590359774
368 370 0.7366400092769947
369 370 0.9349281644339749
369 371 0.30853189910931544
370 371 0.4419452866902872
370 372 0.7946792358233905
371 372 0.9416528338451005
371 373 0.5149049184336869
372 373 0.8501836724516812
372 374 0.3185707118801937
373 374 0.044459968022178664
373 375 0.6324807518735361
374 375 0.7344595391741858
374 376 0.4559928421831688
375 376 0.13279916309926865
375 377 0.4362770715775478
376 377 0.9973695297507349
376 378 0.5323943290980799
377 378 0.6255591457881682
377 379 0.8890718885949979
378 379 0.570427554313108
378 380 0.8351422183087852
379 380 0.5504249876715132
379 381 0.6826240949719847
380 381 0.4477401652358116
380 382 0.2728398173731077
381 382 0.22968067840168416
381 383 0.2492733897583167
382 383 0.28067388145231387
382 384 0.4423745402726329
383 384 0.9633741032665678
383 385 0.9667546074207409
384 385 0.4509558709068211
384 386 0.46113737018466094
385 386 0.2871599596045452
385 387 0.005721054953962468
386 387 0.17379127654876514
386 388 0.8879314507310413
387 388 0.062114899322976536
387 389 0.1554701762012728
388 389 0.5097301240577969
388 390 0.47915995038392445
389 390 0.921854356365428
389 391 0.07582633504000025
390 391 0.7382194069616829
390 392 0.6548610424805796
391 392 0.04563918072529971
391 393 0.7455072013789874
392 393 0.5055104707992287
392 394 0.27126672241052807
393 394 0.4648973800583768
393 395 0.5178977427641456
394 395 0.7274836743518593
394 396 0.3741497852044068
395 396 0.727617000791582
395 397 0.9567870041810479
396 397 0.8093158001711503
396 398 0.6736636748075381
397 398 0.027187013767051016
397 399 0.6323793028295699
398 399 0.2397090936892201
398 400 0.18340172041349367
399 400 0.4324711124960229
399 401 0.31901498799069505
400 401 0.44666064498197877
400 402 0.7014678360497318
401 402 0.4599683860752374
401 403 0.9551979123912345
402 403 0.6474230795788257
402 404 0.5629562952410029
403 404 0.5153653190358652
403 405 0.8990716399519196
404 405 0.9960106815737261
404 406 0.29811241163878877
405 406 0.7448968360117337
405 407 0.05407251670594215
406 407 0.7359634511706189
406 408 0.37751002776455245
407 408 0.32712553278872447
407 409 0.0478372516234421
408 409 0.22678217959098024
408 410 0.9169806650426563
409 410 0.04872219430036384
409 411 0.6994143413736605
410 411 0.07809600199373123
410 412 0.8172012611566584
411 412 0.6637450135525228
411 413 0.947365223329411
412 413 0.21571731863497523
412 414 0.09010438542000443
413 414 0.8008220556631548
413 415 0.5601130799794047
414 415 0.32372680397716125
414 416 0.1630600152193602
415 416 0.9747261440904401
415 417 0.16358585426564853
416 417 0.9193651535344963
416 418 0.9884311358866323
417 418 0.256859879298738
417 419 0.45759564833284305
418 419 0.12057011238636384
418 420 0.6912452275474597
419 420 0.6230412935373989
419 421 0.12073163199037718
420 421 0.7417016793935839
420 422 0.9860569747652501
421 422 0.5858119252981274
421 423 0.2529051495258601
422 423 0.4960324801146049
422 424 0.7573456686791123
423 424 0.47854735517128455
423 425 0.41412816866142266
424 425 0.602530488132629
424 426 0.558242211274042
425 426 0.019850831019520565
425 427 0.6538940270116815
426 427 0.6388595534645933
426 428 0.9169464254595919
427 428 0.9844802984318044
427 429 0.3889707639376788
428 429 0.9646795198846386
428 430 0.697891962073219
429 430 0.609649235909139
429 431 0.7966979282332238
430 431 0.3978963430797645
430 432 0.27146674816471805
431 432 0.9040017662671124
431 433 0.845651992266702
432 433 5.383001717929048E-4
432 434 0.9877700440697087
433 434 0.21224256299736843
433 435 0.04745111408876068
434 435 0.18220630872195764
434 436 0.3220830033385014
435 436 0.14993983067452454
435 437 0.8923137650957761
436 437 0.8062463810759993
436 438 0.2013093730406229
437 438 0.7540406242291463
437 439 0.7967431493593372
438 439 0.9930911636645168
438 440 0.03882604684201563
439 440 0.7765422766718887
439 441 0.22368572139159904
440 441 0.528455912037049
440 442 0.29647984584125675
441 442 0.7927936352996839
441 443 0.3642933264037316
442 443 0.02447799617772417
442 444 0.09284642329593962
443 444 0.029853474393509827
443 445 0.41954994262738055
444 445 0.8613017993043759
444 446 0.27887214873284893
445 446 0.014741294747777967
445 447 0.3726615423420584
446 447 0.5806360396671112
446 448 0.7884364899170608
447 448 0.17140873042859683
447 449 0.6726482463235344
448 449 0.3277529405764701
448 450 0.9776534488121924
449 450 0.9870695277062469
449 451 0.6981364151799496
450 451 0.3632867068640303
450 452 0.27663565749559704
451 452 0.979520751132144
451 453 0.8272601596879489
452 453 0.6361996658988596
452 454 0.29281332099707336
453 454 0.2894459364194176
453 455 0.7099535380317026
454 455 0.8333293992886379
454 456 0.08424695006551652
455 456 0.6631750812295542
455 457 0.7915476585713981
456 457 0.26424113316421616
456 458 0.6258940008034276
457 458 0.44246789645874673
457 459 0.33469889551409693
458 459 0.6700959230661794
458 460 0.6651933468759845
459 460 0.2983622643192744
459 461 0.13564410039034103
460 461 0.9287198777391619
460 462 0.8197208593728894
461 462 0.3470921105296163
461 463 0.23939370986005715
462 463 0.3061254311922279
462 464 0.9296061318274681
463 464 0.9342189388731108
463 465 0.715771149304529
464 465 0.10632008359971978
464 466 0.4051005224273252
465 466 0.6845452333028784
465 467 0.5947134914476323
466 467 0.8124164034821704
466 468 0.0770081168012815
467 468 0.3432878719713375
467 469 0.01205014927802961
468 469 0.2360040021164691
468 470 0.23414847488618706
469 470 0.958281211668937
469 471 0.1408427257019227
470 471 0.7452704330669947
470 472 0.11544489995032547
471 472 0.25469621735285763
471 473 0.8540465427385074
472 473 0.287637914766276
472 474 0.8068737589234943
473 474 0.004396873563624948
473 475 0.5686282218848676
474 475 0.832614524038617
112 407 0.9785160224519159
10 150 0.6149138895149407
206 266 0.5231119000862486
Loss 0.0 31.0 0.0 0.0 0.0 12.0 0.0 0.0 0.0 19.0 0.0 0.0 0.0 74.0 0.0 0.0 0.0 85.0 0.0 0.0 0.0 1.0 0.0 0.0 0.0 45.0 0.0 0.0 0.0 77.0 0.0 0.0 0.0 65.0 0.0 0.0 0.0 77.0 0.0 0.0 0.0 39.0 0.0 0.0 0.0 65.0 0.0 0.0 0.0 1.0 0.0 0.0 0.0 70.0 0.0 0.0 0.0 53.0 0.0 0.0 0.0 49.0 0.0 0.0 0.0 41.0 0.0 0.0 0.0 6.0 0.0 0.0 0.0 90.0 0.0 0.0 0.0 0.0 0.0 0.0 0.0 16.0 0.0 0.0 0.0 4.0 0.0 0.0 0.0 94.0 0.0 0.0 0.0 35.0 0.0 0.0 0.0 63.0 0.0 0.0 0.0 88.0 0.0 0.0 0.0 17.0 0.0 0.0 0.0 85.0 0.0 0.0 0.0 0.0 0.0 0.0 0.0 99.0 0.0 0.0 0.0 98.0 0.0 0.0 0.0 48.0 0.0 0.0 0.0 42.0 0.0 0.0 0.0 49.0 0.0 0.0 0.0 62.0 0.0 0.0 0.0 73.0 0.0 0.0 0.0 72.0 0.0 0.0 0.0 89.0 0.0 0.0 0.0 55.0 0.0 0.0 0.0 32.0 0.0 0.0 0.0 75.0 0.0 0.0 0.0 86.0 0.0 0.0 0.0 75.0 0.0 0.0 0.0 80.0 0.0 0.0 0.0 32.0 0.0 0.0 0.0 47.0 0.0 0.0 0.0 1.0 0.0 0.0 0.0 78.0 0.0 0.0 0.0 66.0 0.0 0.0 0.0 84.0 0.0 0.0 0.0 23.0 0.0 0.0 0.0 75.0 0.0 0.0 0.0 33.0 0.0 0.0 0.0 87.0 0.0 0.0 0.0 20.0 0.0 0.0 0.0 2.0 0.0 0.0 0.0 79.0 0.0 0.0 0.0 54.0 0.0 0.0 0.0 40.0 0.0 0.0 0.0 65.0 0.0 0.0 0.0 97.0 0.0 0.0 0.0 96.0 0.0 0.0 0.0 90.0 0.0 0.0 0.0 18.0 0.0 0.0 0.0 30.0 0.0 0.0 0.0 70.0 0.0 0.0 0.0 89.0 0.0 0.0 0.0 16.0 0.0 0.0 0.0 64.0 0.0 0.0 0.0 37.0 0.0 0.0 0.0 89.0 0.0 0.0 0.0 84.0 0.0 0.0 0.0 73.0 0.0 0.0 0.0 3.0 0.0 0.0 0.0 5.0 0.0 0.0 0.0 82.0 0.0 0.0 0.0 88.0 0.0 0.0 0.0 42.0 0.0 0.0 0.0 96.0 0.0 0.0 0.0 90.0 0.0 0.0 0.0 78.0 0.0 0.0 0.0 48.0 0.0 0.0 0.0 81.0 0.0 0.0 0.0 37.0 0.0 0.0 0.0 15.0 0.0 0.0 0.0 5.0 0.0 0.0 0.0 49.0 0.0 0.0 0.0 75.0 0.0 0.0 0.0 32.0 0.0 0.0 0.0 9.0 0.0 0.0 0.0 36.0 0.0 0.0 0.0 16.0 0.0 0.0 0.0 33.0 0.0 0.0 0.0 49.0 0.0 0.0 0.0 21.0 0.0 0.0 0.0 69.0 0.0 0.0 0.0 45.0 0.0 0.0 0.0 47.0 0.0 0.0 0.0 69.0 0.0 0.0 0.0 77.0 0.0 0.0 0.0 72.0 0.0 0.0 0.0 18.0 0.0 0.0 0.0 32.0 0.0 0.0 0.0 56.0 0.0 0.0 0.0 68.0 0.0 0.0 0.0 5.0 0.0 0.0 0.0 91.0 0.0 0.0 0.0 74.0 0.0 0.0 0.0 61.0 0.0 0.0 0.0 73.0 0.0 0.0 0.0 99.0 0.0 0.0 0.0 12.0 0.0 0.0 0.0 58.0 0.0 0.0 0.0 75.0 0.0 0.0 0.0 74.0 0.0 0.0 0.0 9.0 0.0 0.0 0.0 57.0 0.0 0.0 0.0 18.0 0.0 0.0 0.0 69.0 5.0 