125 <--# of nodes, 250 edges 
1 2 0.6016325062152258
1 3 0.29865544114924314
2 3 0.22421236359559227
2 4 0.8229109007393921
3 4 0.06750484412781521
3 5 0.8341648000968049
4 5 0.6301557872430367
4 6 0.3844813856371836
5 6 0.8290400159043001
5 7 0.7783318360423243
6 7 0.6747472384678351
6 8 0.7552600739353854
7 8 0.4781579594003128
7 9 0.42683905139978107
8 9 0.5627491872410894
8 10 0.7454529390062795
9 10 0.7947201109298206
9 11 0.5712648249461192
10 11 0.8275971294124185
10 12 0.19880921447776911
11 12 0.32170462279341916
11 13 0.5522377355248892
12 13 0.7196573697039216
12 14 0.2569325641570275
13 14 0.9202312262233833
13 15 0.9188950768378815
14 15 0.038422199530534495
14 16 0.4712191907813442
15 16 0.042308573678200845
15 17 0.9497562481083682
16 17 0.03679912877938163
16 18 0.02412459058677152
17 18 0.9268262118816456
17 19 0.9565024869180889
18 19 0.048538487860281254
18 20 0.9231251315455135
19 20 0.519814571129378
19 21 0.7292168789344643
20 21 0.9222048774107284
20 22 0.7800402441440597
21 22 0.273841813290004
21 23 0.09749081396457004
22 23 0.3708247554381976
22 24 0.6744566703729296
23 24 0.7141785416987233
23 25 0.002921742818943085
24 25 0.288391306777839
24 26 0.72366153283829
25 26 0.08785836429836891
25 27 0.11831146102806733
26 27 0.7043439843744579
26 28 0.5751299317300159
27 28 0.9093711454139748
27 29 0.8262555666225667
28 29 0.7475174049534337
28 30 0.6338951571140137
29 30 0.9430414007998003
29 31 0.1442665007567675
30 31 0.8163003279785256
30 32 0.70794503730762
31 32 0.8921330306254946
31 33 0.22921694058989173
32 33 0.9973763006881279
32 34 0.8225474820695535
33 34 0.47266365482623585
33 35 0.8023355377943979
34 35 0.08745682903538254
34 36 0.07145572548478607
35 36 0.3349860166315325
35 37 0.10882046539199652
36 37 0.9000846272488924
36 38 0.819062626971626
37 38 0.4676454617817407
37 39 0.2697713708028254
38 39 0.16014837570421536
38 40 0.5686194006833004
39 40 0.4597450317587044
39 41 0.6872653157611673
40 41 0.49733823074808925
40 42 0.30552495684784187
41 42 0.023141803630816304
41 43 0.3177909338082553
42 43 0.04645637832252969
42 44 0.22624686017896456
43 44 0.68590412172017
43 45 0.893650576780658
44 45 0.5038205989721148
44 46 0.9999347094245921
45 46 0.1939627701516301
45 47 0.4291659426736353
46 47 0.48630904473987646
46 48 0.36909857194477447
47 48 0.8342901425397187
47 49 0.2170579090766258
48 49 0.04680155427790145
48 50 0.6159640209360364
49 50 0.12130204471434225
49 51 0.6223301656841326
50 51 0.6743900432817563
50 52 0.9118442146179826
51 52 0.255511040034309
51 53 0.26468628612032996
52 53 0.4517379930455495
52 54 0.20021519194650794
53 54 0.3684525379143173
53 55 0.17468102709631372
54 55 0.11009515098109524
54 56 0.056223891126566006
55 56 0.8965593818670152
55 57 0.3613577697548801
56 57 0.06542202065016345
56 58 0.5662191979482329
57 58 0.1711714745072862
57 59 0.5965062010190648
58 59 0.5730826862186316
58 60 0.3211725856890233
59 60 0.3600210454906517
59 61 0.39886370089588574
60 61 0.9626464426308443
60 62 0.3036496754114195
61 62 0.4045352724099671
61 63 0.8004029667974775
62 63 0.5651365766520732
62 64 0.878732660655878
63 64 0.7431694423079588
63 65 0.2612386656486173
64 65 0.7853302099405882
64 66 0.27526757049804396
65 66 0.35077636896612274
65 67 0.5262590546969108
66 67 0.3710740049758606
66 68 0.10322238128129713
67 68 0.8774525569698914
67 69 0.02193338574569237
68 69 0.4500527132721994
68 70 0.9839282214904449
69 70 0.8513075831251405
69 71 0.5427976905769258
70 71 0.7898343964832065
70 72 0.43276889491308357
71 72 0.8006052402059689
71 73 0.6142399954666125
72 73 0.5295805547882895
72 74 0.8457843211081657
73 74 0.7478216845001237
73 75 0.2853858831442698
74 75 0.990908371722919
74 76 0.20043781832180974
75 76 0.857933055993103
75 77 0.1924690182751495
76 77 0.11818510911908986
76 78 0.4050342334662794
77 78 0.20729861782913095
77 79 0.6693439963049528
78 79 0.007287907660735615
78 80 0.5036873061953636
79 80 0.9320150803093527
79 81 0.7127530930342594
80 81 0.29071799890144545
80 82 0.6978718988918738
81 82 0.8697969920086622
81 83 0.7522238930981856
82 83 0.47782883685015687
82 84 0.85559177330984
83 84 0.6450868405341831
83 85 0.7461238312053068
84 85 0.5956111966368624
84 86 0.12528224577544245
85 86 0.33406072851929214
85 87 0.8826228294143562
86 87 0.41056575596534584
86 88 0.5876289237544832
87 88 0.8648563006927229
87 89 0.2722809083393666
88 89 0.12132807716331295
88 90 0.5603151623976305
89 90 0.27124772924978635
89 91 0.7186881955987389
90 91 0.3831787862149466
90 92 0.2609907773651722
91 92 0.6039079025876701
91 93 0.9434029974424865
92 93 0.5789751883659827
92 94 0.26092762015993864
93 94 0.07131861414489438
93 95 0.7631138505456864
94 95 0.15635257558153737
94 96 0.6816242978725308
95 96 0.5896183362544484
95 97 0.20022438030038792
96 97 0.3652155890079004
96 98 0.6502114820687456
97 98 0.9052510099270313
97 99 0.3625764913229472
98 99 0.6032334451828907
98 100 0.618116397459558
99 100 0.9182620504439833
99 101 0.7734301856278121
100 101 0.14577420157531618
100 102 0.43644946140169016
101 102 0.25961074358450376
101 103 0.6799364464779524
102 103 0.561966441703178
102 104 0.09945914468897143
103 104 0.352517590212449
103 105 0.9826380864581373
104 105 0.3917551841401541
104 106 0.6509568310470689
105 106 0.7265789945109262
105 107 0.08255865226429804
106 107 0.28786615304020235
106 108 0.12238794391572616
107 108 0.6310352090364528
107 109 0.21330201196390652
108 109 0.8712946372499291
108 110 0.3678991296845616
109 110 0.1011691279787198
109 111 0.582829447680985
110 111 0.4534813774469795
110 112 0.01312977683424621
111 112 0.8685884766561296
111 113 0.44921134923036177
112 113 0.12784174861628816
112 114 0.7586392947472617
113 114 0.02450475241505934
113 115 0.22051645021033128
114 115 0.28272601938120967
114 116 0.09968936081832225
115 116 0.5910816474284148
115 117 0.11267564555510456
116 117 0.07311758491966436
116 118 0.6091471985656015
117 118 0.5573482035009305
117 119 0.6665056280258149
118 119 0.14005448681897537
118 120 0.031726630670254274
119 120 0.791574282714037
119 121 0.5843269862990074
120 121 0.19160663237240116
120 122 0.8102218212192133
121 122 0.0025405647668929054
121 123 0.23336984453506726
122 123 0.2378644048904316
122 124 0.7545100794747417
123 124 0.501395558094039
123 125 0.6942046198552029
124 125 0.20811464741521402
77 108 0.9795100088723466
122 92 0.3365659574879438
108 89 0.7623215323140288
Loss 0.0 78.0 0.0 0.0 0.0 76.0 0.0 0.0 0.0 31.0 0.0 0.0 0.0 94.0 0.0 0.0 0.0 27.0 0.0 0.0 0.0 93.0 0.0 0.0 0.0 28.0 0.0 0.0 0.0 42.0 0.0 0.0 0.0 25.0 0.0 0.0 0.0 96.0 0.0 0.0 0.0 92.0 0.0 0.0 0.0 2.0 0.0 0.0 0.0 58.0 0.0 0.0 0.0 90.0 0.0 0.0 0.0 68.0 0.0 0.0 0.0 24.0 0.0 0.0 0.0 49.0 0.0 0.0 0.0 63.0 0.0 0.0 0.0 3.0 0.0 0.0 0.0 7.0 0.0 0.0 0.0 54.0 0.0 0.0 0.0 29.0 0.0 0.0 0.0 68.0 0.0 0.0 0.0 77.0 0.0 0.0 0.0 81.0 0.0 0.0 0.0 23.0 0.0 0.0 0.0 79.0 0.0 0.0 0.0 50.0 0.0 0.0 0.0 48.0 0.0 0.0 0.0 17.0 0.0 0.0 0.0 28.0 0.0 0.0 34.0 