50 <--# of nodes, 100 edges 
1 2 0.43397346367006495
1 3 0.35298911204156735
2 3 0.683207882809914
2 4 0.8540622441718281
3 4 0.9220580197470409
3 5 0.5762088364809959
4 5 0.8301054259696256
4 6 0.8943722763010062
5 6 0.6219873455696645
5 7 0.8854708290397919
6 7 0.7765230899846646
6 8 0.2240755248681594
7 8 0.9296237009116661
7 9 0.6578136160872987
8 9 0.7991899157236677
8 10 0.7116097728628906
9 10 0.06374155769578893
9 11 0.20407175401056765
10 11 0.9218859448082102
10 12 0.9658764690696116
11 12 0.3823833449131643
11 13 0.540675669229193
12 13 0.8773345206132765
12 14 0.6138026308318862
13 14 0.9565963974481347
13 15 0.18057585236005558
14 15 0.6894985253373456
14 16 0.1700680471588648
15 16 0.4443125236450769
15 17 0.30297613412657887
16 17 0.6051097202562024
16 18 0.11846728711015986
17 18 0.41953757622478327
17 19 0.6928054932064354
18 19 0.37289063142107304
18 20 0.6232217501065964
19 20 0.8726007708613782
19 21 0.344714077547272
20 21 0.5815190884992032
20 22 0.9272563065621474
21 22 0.7920471222539108
21 23 0.30585910328796617
22 23 0.30008768975932376
22 24 0.16704779586356777
23 24 0.5331173885106504
23 25 0.4459452316890058
24 25 0.6864788303709565
24 26 0.09673032183571506
25 26 0.8019265095722687
25 27 0.937724756821522
26 27 0.6809074148358637
26 28 0.1414730220160213
27 28 0.49872915026139
27 29 0.9790194607760025
28 29 0.2844266184595666
28 30 0.9907493216336692
29 30 0.9855695616358396
29 31 0.09820884251756368
30 31 0.7767363733014865
30 32 0.3139784617250425
31 32 0.902009115586864
31 33 0.09243611953991304
32 33 0.501670508123385
32 34 0.7081776029630948
33 34 0.9025815173792071
33 35 0.49513649792061976
34 35 0.7476528141442924
34 36 0.26151973152677377
35 36 0.3304674003527288
35 37 0.7162480812241674
36 37 0.5920798420463692
36 38 0.6653950799080169
37 38 0.10893420683866173
37 39 0.308121504173957
38 39 0.7874633239094397
38 40 0.2904663436328805
39 40 0.7096890385865072
39 41 0.45826317526996196
40 41 0.04707558317782279
40 42 0.47291103075316243
41 42 0.4707666192031956
41 43 0.11692023333841883
42 43 0.00436778995982301
42 44 0.020088738469542844
43 44 0.8704436145180394
43 45 0.2191122234781252
44 45 0.7926239099993927
44 46 0.4259290177983214
45 46 0.1750485179181147
45 47 0.1505057855003451
46 47 0.9444479704852448
46 48 0.5332322390994592
47 48 0.8256446360283598
47 49 0.3443038447740143
48 49 0.2609317685577668
48 50 0.5773606096922076
49 50 0.7915492732656183
28 25 0.3995028328523269
34 10 0.5309287770631268
2 23 0.6384141292796328
Loss 0.0 36.0 0.0 0.0 0.0 30.0 0.0 0.0 0.0 23.0 0.0 0.0 0.0 64.0 0.0 0.0 0.0 84.0 0.0 0.0 0.0 10.0 0.0 0.0 0.0 68.0 0.0 0.0 0.0 29.0 0.0 0.0 0.0 69.0 0.0 0.0 0.0 37.0 0.0 0.0 0.0 14.0 0.0 0.0 0.0 3.0 0.0 0.0 0.0 56.0 