275 <--# of nodes, 550 edges 
1 2 0.23056884517604603
1 3 0.8320773742077547
2 3 0.21455311496049734
2 4 0.10183347846251056
3 4 0.13852284517756686
3 5 0.31291175878479915
4 5 0.6572083922591916
4 6 0.2999615173536845
5 6 0.895232691816918
5 7 0.8418005109131853
6 7 0.20014603859083557
6 8 0.05108853422429516
7 8 0.5816160645174754
7 9 0.5118366231113778
8 9 0.978510358984691
8 10 0.20470042999605886
9 10 0.9676231092284591
9 11 0.16772782849105417
10 11 0.2819637393394363
10 12 0.07939839849535268
11 12 0.19397080528330857
11 13 0.9841194338952978
12 13 0.476078830643632
12 14 0.5476615706227276
13 14 0.7051338046286213
13 15 0.13466465638724046
14 15 0.6078916192861112
14 16 0.4810738000371759
15 16 0.24971981905267282
15 17 0.861916478735384
16 17 0.12838502924189443
16 18 0.5802271918605251
17 18 0.8442610798401569
17 19 0.3010816188302675
18 19 0.2705966241763693
18 20 0.3315765276181327
19 20 0.06307420278703457
19 21 0.9478770230941563
20 21 0.022907539281161515
20 22 0.4145429480836941
21 22 0.09240766398685751
21 23 0.4639311371232363
22 23 0.9633987009642281
22 24 0.8695387451469806
23 24 0.20193797288898174
23 25 0.8804919649987354
24 25 0.5966261280288734
24 26 0.81208425901463
25 26 0.7208738865895633
25 27 0.7978992179694357
26 27 0.5587688877391823
26 28 0.5490443657423507
27 28 0.23271892591571275
27 29 0.8706096149136204
28 29 0.9267341789242353
28 30 0.9938698583937415
29 30 0.7727822569195916
29 31 0.6770761406780895
30 31 0.44999874384720673
30 32 0.6071745752402323
31 32 0.5332834639124552
31 33 0.42077074154054184
32 33 0.6583717475773024
32 34 0.34039009411305343
33 34 0.6310775404740286
33 35 0.9666870544055802
34 35 0.1619872100027917
34 36 0.42624607593680097
35 36 0.6123321719926204
35 37 0.3339053617544542
36 37 0.44909936309095444
36 38 0.3471161898123297
37 38 0.6120020841233824
37 39 0.6338085155645414
38 39 0.03868039052330785
38 40 0.9462668594579693
39 40 0.09394993730323109
39 41 0.12945733435109918
40 41 0.8333379071552861
40 42 0.43744643168364816
41 42 0.9725054419108955
41 43 0.8642060087440839
42 43 0.9234621244936309
42 44 0.34413915563190467
43 44 0.7308958929974914
43 45 0.6949624550940467
44 45 0.617847758248045
44 46 0.8345236547404461
45 46 0.500915300075244
45 47 0.03983362019215675
46 47 0.3373201311288643
46 48 0.06840068072505501
47 48 0.888001393335146
47 49 0.3770283545761911
48 49 0.5140896805398848
48 50 0.7742901505318002
49 50 0.4778485423343445
49 51 0.4672115385290819
50 51 0.28986864819678504
50 52 0.23299727410355475
51 52 0.9263614449903125
51 53 0.2269161408036383
52 53 0.7499598016395614
52 54 0.2001734161568094
53 54 0.9405591782540969
53 55 0.7176065956115674
54 55 0.22294530362170029
54 56 0.6971077574676848
55 56 0.8826312891823601
55 57 0.4902830454521635
56 57 0.787342076099677
56 58 0.37372661815430497
57 58 0.6835400622957458
57 59 0.824210110940313
58 59 0.9137810038407957
58 60 0.5000198442073883
59 60 0.8546007421727617
59 61 0.7992111541694549
60 61 0.9394020077130264
60 62 0.5527965947592662
61 62 0.03331379969060566
61 63 0.7811307741258187
62 63 0.8782773754505642
62 64 0.47212051472369565
63 64 0.273339958424053
63 65 0.45949079681092975
64 65 0.4133272348866196
64 66 0.73050754398177
65 66 0.09230134127387357
65 67 0.6386536295001077
66 67 0.06133678998265646
66 68 0.9380571836973486
67 68 0.9383042226231367
67 69 0.727370768814662
68 69 0.6187031000748597
68 70 0.12326511066469648
69 70 0.5322499491866551
69 71 0.5864067380339384
70 71 0.31473716574148203
70 72 0.14284117544644226
71 72 0.07576460804033247
71 73 0.8470243676443919
72 73 0.08214992190186365
72 74 0.11300497468582771
73 74 0.2039893325866654
73 75 0.6130863450013974
74 75 0.43939557459669365
74 76 0.8331400069091722
75 76 0.9616400218590248
75 77 0.036930003816444956
76 77 0.8171081439449522
76 78 0.716132595905019
77 78 0.3262857641641148
77 79 0.18570299116688915
78 79 0.47659456633378505
78 80 0.995802480666046
79 80 0.002981455326904525
79 81 0.506162975175223
80 81 0.2922814252329796
80 82 0.9700198155545475
81 82 0.27061260569753476
81 83 0.5709752716388785
82 83 0.837581928191901
82 84 0.8834422061518479
83 84 0.7609942216173997
83 85 0.9160272813625716
84 85 0.11342009882256177
84 86 0.059730342645895385
85 86 0.016222987845991743
85 87 0.224625593303304
86 87 0.47254358365587046
86 88 0.7683311334289903
87 88 0.7722634364735258
87 89 0.9926064448512258
88 89 0.5307577866345922
88 90 0.7268517500738532
89 90 0.981796537846063
89 91 0.22299476398472529
90 91 0.09306306796705033
90 92 0.9344940289794442
91 92 0.29031733807417925
91 93 0.835309350153948
92 93 0.6222182485190507
92 94 0.07391596677366319
93 94 0.03746091514868899
93 95 0.7811852528896709
94 95 0.8251183637606536
94 96 0.4778815636590381
95 96 0.2839576012730931
95 97 0.824113204948402
96 97 0.7519446985971628
96 98 0.10082733134891952
97 98 0.16321014210313123
97 99 0.9222560092010758
98 99 0.3710120350528229
98 100 0.22827087835896576
99 100 0.6656485228463896
99 101 0.6722310447172843
100 101 0.911145898522763
100 102 0.27254010102598003
101 102 0.8221687814419378
101 103 0.8192667338666835
102 103 0.8352874618564946
102 104 0.03028472846489072
103 104 0.05515868920949485
103 105 0.46443550543567547
104 105 0.3777596644359559
104 106 0.9093410738155566
105 106 0.6548113047602624
105 107 0.290803355369036
106 107 0.4683784965713146
106 108 0.6848500024168097
107 108 0.5688884733873665
107 109 0.1140667508987252
108 109 0.8026961935338505
108 110 0.24889447125680575
109 110 0.34049330171336756
109 111 0.8318915240902007
110 111 0.5520107666428287
110 112 0.8068053331243419
111 112 0.15372519086749403
111 113 0.037514944021065366
112 113 0.26676698392869835
112 114 0.22891535474146074
113 114 0.40792053748391777
113 115 0.7434306399820351
114 115 0.47343868050213456
114 116 0.3576977222977388
115 116 0.8312222984715973
115 117 0.7134486967001235
116 117 0.6988335562138267
116 118 0.8102845879921313
117 118 0.9134663630021286
117 119 0.6136214095974565
118 119 0.3673336688949105
118 120 0.6485214043605513
119 120 0.16018243120346964
119 121 0.7844442501257525
120 121 0.4664509158954947
120 122 0.21708036227525684
121 122 0.7449338809721697
121 123 0.5586746710568651
122 123 0.98696333317365
122 124 0.19662364747296845
123 124 0.15828234357133553
123 125 0.7275440942357961
124 125 0.9508783071799176
124 126 0.31988805765412065
125 126 0.22489603436904482
125 127 0.979125079378585
126 127 0.12700014512171476
126 128 0.29196084478134676
127 128 0.35289208347832635
127 129 0.4627057202272151
128 129 0.4790030278388504
128 130 0.606872178341253
129 130 0.9410062891738852
129 131 0.39510135037540706
130 131 0.7466662502330561
130 132 0.6674009278958514
131 132 0.6517704327063598
131 133 0.7599867132535858
132 133 0.8336578787567109
132 134 0.66520624690301
133 134 0.6638912025681378
133 135 0.2117857297232385
134 135 0.0770569146443355
134 136 0.5894345463846121
135 136 0.8868758239110887
135 137 0.61993398063884
136 137 0.23789158020666545
136 138 0.7900286032225571
137 138 0.1902740404247497
137 139 0.8240001634810777
138 139 0.853095204596822
138 140 0.37189999381608363
139 140 0.6302003484756956
139 141 0.7239981165057641
140 141 0.5220038571132405
140 142 0.483028761887044
141 142 0.9409528672202226
141 143 0.2015964781591132
142 143 0.6235851433016186
142 144 0.08908642206749329
143 144 0.6362184871575212
143 145 0.46030655814850585
144 145 0.8605576984118787
144 146 0.9848760828022904
145 146 0.3534377211630333
145 147 0.386810157882147
146 147 0.3802848440988913
146 148 0.3410984694874949
147 148 0.12941575641215197
147 149 0.5665364035648288
148 149 0.30937488045737727
148 150 0.06881873885758494
149 150 0.21487472461821955
149 151 0.14148925844797766
150 151 0.43122833606834987
150 152 0.5414204717762098
151 152 0.5336329224794806
151 153 0.7106749469333352
152 153 0.8094601307151209
152 154 0.09133637655839777
153 154 0.952167266896451
153 155 0.7254850628015115
154 155 0.7149313803885482
154 156 0.8900167976684967
155 156 0.06707566925608643
155 157 0.22420990217584102
156 157 0.856495683368776
156 158 0.11772257015276455
157 158 0.9711171362756361
157 159 0.6547937909848529
158 159 0.7299297318110868
158 160 0.19143799446244647
159 160 0.8914367113866652
159 161 0.6048969837139128
160 161 0.6338175270603871
160 162 0.7090688191535309
161 162 0.2829765453778532
161 163 0.16260867680072655
162 163 0.05500172296991335
162 164 0.3042651956932615
163 164 0.40606744692628505
163 165 0.31633305073696893
164 165 0.962304026530643
164 166 0.6457719955650363
165 166 0.4400985860238481
165 167 0.289782333017752
166 167 0.40166495683553716
166 168 0.77126933033797
167 168 0.8609074444630035
167 169 0.2038712666290421
168 169 0.6613313099578009
168 170 0.9151393487528983
169 170 0.9330050417876308
169 171 0.12149223542138088
170 171 0.6079194394302442
170 172 0.9096965449506995
171 172 0.5577981330352473
171 173 0.6434532982551299
172 173 0.3905916301009936
172 174 0.577500994336694
173 174 0.22664072627943088
173 175 0.17765769775512985
174 175 0.6628580523887911
174 176 0.16097916269317802
175 176 0.38402269714432735
175 177 0.07667017923582453
176 177 0.2956549006425947
176 178 0.21727934516411906
177 178 0.9112801577024103
177 179 0.4952546197683022
178 179 0.3912733688535792
178 180 0.9691513709601792
179 180 0.03290254404133908
179 181 0.554349549196691
180 181 0.7008808750495209
180 182 0.6505352910253124
181 182 0.2579118387059929
181 183 0.2912293466338842
182 183 0.10948998719725989
182 184 0.18012579821562436
183 184 0.8997300214289649
183 185 0.3442621086185944
184 185 0.5320270431621438
184 186 0.7654342776300767
185 186 0.9754870626036075
185 187 0.41028492668035765
186 187 0.8528486732709408
186 188 0.06951602080144736
187 188 0.5518280846265499
187 189 0.10151264479581656
188 189 0.17702866557648556
188 190 0.08335134510338849
189 190 0.5645167550429128
189 191 0.9788723146450193
190 191 0.9500355009557705
190 192 0.9468915011811736
191 192 0.08739356245136898
191 193 0.7411219281639144
192 193 0.4557530737672417
192 194 0.4881589057177159
193 194 0.9185966026938185
193 195 0.8332733647304852
194 195 0.7306923024638613
194 196 0.29059122209208965
195 196 0.7901221412624309
195 197 0.12584365663918995
196 197 0.6582788505165337
196 198 0.8119180545203561
197 198 0.757362667220044
197 199 0.9411105603822154
198 199 0.2660987082446139
198 200 0.04472880913430832
199 200 0.44756834794096767
199 201 0.25498177801498634
200 201 0.28348630623823956
200 202 0.4727247343717095
201 202 0.3177332028153419
201 203 0.8084942959206405
202 203 0.705020587494016
202 204 0.4798054529021215
203 204 0.3641978968090184
203 205 0.8593476452417589
204 205 0.8143131415412102
204 206 0.23200211175811725
205 206 0.36432024307887756
205 207 0.2066535712747013
206 207 0.6163428599789289
206 208 0.8543160748866478
207 208 0.006337212221668498
207 209 0.41323558720600506
208 209 0.271689383083644
208 210 0.07598073039086473
209 210 0.6388919477280712
209 211 0.2140979157067382
210 211 0.21810394851679538
210 212 0.5819115538121289
211 212 0.664931132364994
211 213 0.647598172753777
212 213 0.7137078056148553
212 214 0.5717274514236577
213 214 0.3193641293811369
213 215 0.12419479254797106
214 215 0.9075457617776367
214 216 0.36869773921516835
215 216 0.9110259719755508
215 217 0.9736081404787723
216 217 0.38561935180531937
216 218 0.7688397924833676
217 218 0.37711410119127153
217 219 0.8775805838889598
218 219 0.007114262045691433
218 220 0.9710038555884446
219 220 0.8321244555543633
219 221 0.24340964934362197
220 221 0.5808549833610175
220 222 0.35251924272084734
221 222 0.40774105297174
221 223 0.1381511457294865
222 223 0.8672945160005262
222 224 0.23365502981743214
223 224 0.2753349099671536
223 225 0.38080423863987445
224 225 0.769454127308077
224 226 0.9617145944898995
225 226 0.3604091522559497
225 227 0.17738830072476575
226 227 0.9995791132804906
226 228 0.9119334831296811
227 228 0.36615445841855854
227 229 0.8830867647420438
228 229 0.15867907011867532
228 230 0.4211628441567794
229 230 0.5895579630134705
229 231 0.7623880334507446
230 231 0.2318575176131339
230 232 0.9129424388183688
231 232 0.9397025370222417
231 233 0.1548546291697701
232 233 0.27639250448049113
232 234 0.927553875475489
233 234 0.8685604691879029
233 235 0.3464673185072248
234 235 0.7800137736135632
234 236 0.2890626298709501
235 236 0.8380440755682477
235 237 0.527219829684066
236 237 0.7311297642489513
236 238 0.4914157444410213
237 238 0.26945128818760145
237 239 0.608116044431225
238 239 0.39341805314143286
238 240 0.7953595934301197
239 240 0.8764342428488981
239 241 0.30723739839909814
240 241 0.43867935192957974
240 242 0.6820875225408355
241 242 0.09488434494346765
241 243 0.2859592277391615
242 243 0.00519963591721051
242 244 0.9559857544933141
243 244 0.8454060864210201
243 245 0.5771800414435764
244 245 0.8765888770505804
244 246 0.49043220964989154
245 246 0.32078559546956675
245 247 0.47301081276101775
246 247 0.4446369836023466
246 248 0.7221619191762125
247 248 0.8701517867071069
247 249 0.43690873477787084
248 249 0.29196967290974385
248 250 0.4730941528916598
249 250 0.2731864837631687
249 251 0.9419717081245967
250 251 0.5568230745682166
250 252 0.48865942450716926
251 252 0.9298940631485241
251 253 0.0938139482648287
252 253 0.31468628984709457
252 254 0.1910863926710219
253 254 0.4238638420522829
253 255 0.1187977383590435
254 255 0.6947853659460104
254 256 0.3961158963380129
255 256 0.7104733198091047
255 257 0.6851091524557903
256 257 0.5331718351657004
256 258 0.4398284144681879
257 258 0.5317238374222064
257 259 0.6690548989321033
258 259 0.6833558682646729
258 260 0.4493621720384302
259 260 8.159191837060487E-4
259 261 0.4966218193839771
260 261 0.2432921721005572
260 262 0.5375474344557734
261 262 0.7639508231333175
261 263 0.8941937618551306
262 263 0.3807368827195263
262 264 0.5551589664844535
263 264 0.6537184541097594
263 265 0.7524343583963952
264 265 0.19210892421094794
264 266 0.2890208095187794
265 266 0.997483957898393
265 267 0.3026589694286417
266 267 0.8893254377641795
266 268 0.2760402143479963
267 268 0.8137735635610054
267 269 0.3449260958812578
268 269 0.4572271100368097
268 270 0.7967046520302813
269 270 0.7629984125305327
269 271 0.6786589898756874
270 271 0.4040763514992417
270 272 0.8385812384946802
271 272 0.591686735741493
271 273 0.505101857388635
272 273 0.6876305157305582
272 274 0.4443715638194444
273 274 0.7391151537143181
273 275 0.35711620592634163
274 275 0.22449326618507248
228 2 0.5636173732881807
81 174 0.7631369667292927
57 269 0.340152620682013
Loss 0.0 77.0 0.0 0.0 0.0 11.0 0.0 0.0 0.0 76.0 0.0 0.0 0.0 64.0 0.0 0.0 0.0 68.0 0.0 0.0 0.0 55.0 0.0 0.0 0.0 7.0 0.0 0.0 0.0 11.0 0.0 0.0 0.0 65.0 0.0 0.0 0.0 54.0 0.0 0.0 0.0 80.0 0.0 0.0 0.0 29.0 0.0 0.0 0.0 7.0 0.0 0.0 0.0 72.0 0.0 0.0 0.0 48.0 0.0 0.0 0.0 24.0 0.0 0.0 0.0 30.0 0.0 0.0 0.0 70.0 0.0 0.0 0.0 89.0 0.0 0.0 0.0 23.0 0.0 0.0 0.0 88.0 0.0 0.0 0.0 82.0 0.0 0.0 0.0 37.0 0.0 0.0 0.0 45.0 0.0 0.0 0.0 67.0 0.0 0.0 0.0 58.0 0.0 0.0 0.0 65.0 0.0 0.0 0.0 88.0 0.0 0.0 0.0 38.0 0.0 0.0 0.0 20.0 0.0 0.0 0.0 35.0 0.0 0.0 0.0 0.0 0.0 0.0 0.0 10.0 0.0 0.0 0.0 69.0 0.0 0.0 0.0 58.0 0.0 0.0 0.0 56.0 0.0 0.0 0.0 58.0 0.0 0.0 0.0 35.0 0.0 0.0 0.0 46.0 0.0 0.0 0.0 50.0 0.0 0.0 0.0 50.0 0.0 0.0 0.0 67.0 0.0 0.0 0.0 66.0 0.0 0.0 0.0 34.0 0.0 0.0 0.0 37.0 0.0 0.0 0.0 56.0 0.0 0.0 0.0 59.0 0.0 0.0 0.0 62.0 0.0 0.0 0.0 81.0 0.0 0.0 0.0 88.0 0.0 0.0 0.0 19.0 0.0 0.0 0.0 0.0 0.0 0.0 0.0 61.0 0.0 0.0 0.0 32.0 0.0 0.0 0.0 61.0 0.0 0.0 0.0 37.0 0.0 0.0 0.0 8.0 0.0 0.0 0.0 48.0 0.0 0.0 0.0 24.0 0.0 0.0 0.0 79.0 0.0 0.0 0.0 44.0 0.0 0.0 0.0 68.0 0.0 0.0 0.0 41.0 0.0 0.0 0.0 77.0 0.0 0.0 0.0 69.0 0.0 0.0 0.0 20.0 0.0 0.0 0.0 22.0 0.0 0.0 0.0 60.0 0.0 0.0 0.0 54.0 4.0 