350 <--# of nodes, 700 edges 
1 2 0.892029102568854
1 3 0.6507218681274202
2 3 0.1152714909655389
2 4 0.8795841270376857
3 4 0.34773415109103434
3 5 0.11546495855706063
4 5 0.3003807680654337
4 6 0.15173139264834878
5 6 0.29965133933569177
5 7 0.8015147525681636
6 7 0.3011241010452699
6 8 0.41770394119109777
7 8 0.03288208195788189
7 9 0.4991748686671045
8 9 0.11042388128667369
8 10 0.6102523734087378
9 10 0.23870172538604117
9 11 0.4261502368195357
10 11 0.02154953339191734
10 12 0.7785214602177406
11 12 0.8779999326587358
11 13 0.018259146146254457
12 13 0.9681496506141599
12 14 0.01988211998934908
13 14 0.20585782914635642
13 15 0.39099015363530965
14 15 0.7992007524681147
14 16 0.5922964343947447
15 16 0.4037673925047316
15 17 0.6252402776235295
16 17 0.10298429547857602
16 18 0.35452353923915114
17 18 0.6479001361260627
17 19 0.9460909413365365
18 19 0.603890971372273
18 20 0.7264464404095319
19 20 0.3721510069389715
19 21 0.5535748545612096
20 21 0.45424874294552664
20 22 0.23926355503387775
21 22 0.533874047569492
21 23 0.5102394209552843
22 23 0.12733344985164985
22 24 0.6036502939325143
23 24 0.2788177642443612
23 25 0.3146001105416738
24 25 0.683585351766876
24 26 0.9245646757553004
25 26 0.8751552474219741
25 27 0.769341083540967
26 27 0.4556200391135876
26 28 0.8989579715416928
27 28 0.24967107061867977
27 29 0.07092782183796809
28 29 0.5061252430593474
28 30 0.4042639688882158
29 30 0.31398629898598485
29 31 0.4858159873062817
30 31 0.6885444988402087
30 32 0.8609601167396406
31 32 0.9818625267282496
31 33 0.45055038999789165
32 33 0.3712577865973118
32 34 0.8743046883814761
33 34 0.9016615628302622
33 35 0.6155029884293236
34 35 0.9203957083927711
34 36 0.0203016378627926
35 36 0.9341542539778396
35 37 0.6097935350193036
36 37 0.6391792767429847
36 38 0.8202184739220125
37 38 0.4808507329944508
37 39 0.268271775609774
38 39 0.9160527001411546
38 40 0.15759343181477148
39 40 0.3882052310087758
39 41 0.9145440958304514
40 41 0.23564021445737104
40 42 0.15393404623571094
41 42 0.8222869337477003
41 43 0.4247599694141778
42 43 0.3544293099424062
42 44 0.1160766491837667
43 44 0.24207974151851475
43 45 0.00854441012580931
44 45 0.9952705628156389
44 46 0.6015126417169293
45 46 0.4140781533470257
45 47 0.6116879189944155
46 47 0.22477844114590462
46 48 0.19915251740411333
47 48 0.9315018554315224
47 49 0.6804901235755814
48 49 0.2697651363203988
48 50 0.7610757064683503
49 50 0.535115451434447
49 51 0.15468328562845912
50 51 0.4995493884258928
50 52 0.905713205287727
51 52 0.04701862429160686
51 53 0.32552017532631095
52 53 0.1542845614695597
52 54 0.6249997756741318
53 54 0.21571798901487216
53 55 0.12418229451492235
54 55 0.8211949114716146
54 56 0.042581354738014054
55 56 0.40184327048046586
55 57 0.9258674090460975
56 57 0.6282588269401911
56 58 0.35025860473423187
57 58 0.1332941692625147
57 59 0.530363350276777
58 59 0.7871278343015505
58 60 0.8710722823821323
59 60 0.6390805856746921
59 61 0.8598679720832494
60 61 0.7247167305647925
60 62 0.23225617260141784
61 62 0.6896054825928917
61 63 0.39954848764869566
62 63 0.12042492947785888
62 64 0.17485672057761337
63 64 0.36560848406211544
63 65 0.9767931659935387
64 65 0.9523656360931325
64 66 0.3929895951360085
65 66 0.3878178248491174
65 67 0.1572027571401371
66 67 0.37546943059116655
66 68 0.38415168473304107
67 68 0.7624141790581176
67 69 0.5394743760388989
68 69 0.8844935867461348
68 70 0.629745501829452
69 70 0.8033903123015553
69 71 0.8699900984730398
70 71 0.5639166394527882
70 72 0.8985855489579899
71 72 0.09666042967834265
71 73 0.8863282418343288
72 73 0.45505189771541454
72 74 0.849780449178102
73 74 0.15137630502848531
73 75 0.9207913181076509
74 75 0.2725836839659478
74 76 0.8530532605023002
75 76 0.19777985975726153
75 77 0.14007029927963144
76 77 0.3680703025755835
76 78 0.463205550191955
77 78 0.785850630079746
77 79 0.38027755528304963
78 79 0.6312879431117563
78 80 0.35226667277561297
79 80 0.6372855214691773
79 81 0.6062820771040708
80 81 0.9605565116373123
80 82 0.9594903549074407
81 82 0.08616559724625594
81 83 0.5469482691312891
82 83 0.3131604351959073
82 84 0.575690006415556
83 84 0.6548560268711472
83 85 0.7561591595472479
84 85 0.6967710185298117
84 86 0.8883106669924915
85 86 0.9143847955017731
85 87 0.8170164169427468
86 87 0.07350739987842225
86 88 0.25519134430595536
87 88 0.6720370858659171
87 89 0.02786593299058837
88 89 0.6376584710565991
88 90 0.7362779617253459
89 90 0.6445971698625553
89 91 0.1812387183283587
90 91 0.35549922507543086
90 92 0.4103053281050737
91 92 0.94574402648183
91 93 0.910432751406522
92 93 0.2944542151423808
92 94 0.2930560630148491
93 94 0.21966354921411946
93 95 0.1994423301824395
94 95 0.00525569674796611
94 96 0.15060113696828847
95 96 0.6856443888901484
95 97 0.804289177529475
96 97 0.38797910329290575
96 98 0.21266747707242217
97 98 0.6917372526407629
97 99 0.1795418192949345
98 99 0.2844727855153959
98 100 0.28794811107078677
99 100 0.8459743522333347
99 101 0.08964660534759172
100 101 0.19368901020745144
100 102 0.4645631922079092
101 102 0.734382740848602
101 103 0.4410808276090432
102 103 0.8947099519734637
102 104 0.09412948494771178
103 104 0.2297060647297109
103 105 0.33130517936079984
104 105 0.5367016635106271
104 106 0.7822121813640984
105 106 0.08803021961430113
105 107 0.6400136109717506
106 107 0.8038994879115517
106 108 0.41517551141095954
107 108 0.7105108832615737
107 109 0.42250816958353643
108 109 0.1698467852214286
108 110 0.7112352444502748
109 110 0.20275713114057503
109 111 0.023929487070650235
110 111 0.28110846406570533
110 112 0.292471251135782
111 112 0.05405766160763681
111 113 0.7252605408193111
112 113 0.01961303528284275
112 114 0.24424714798774327
113 114 0.6191386536372888
113 115 0.8767744380326122
114 115 0.8116384619297903
114 116 0.893959692451289
115 116 0.13602304846689817
115 117 0.8332804135816063
116 117 0.8889296803419816
116 118 0.1618744402890191
117 118 0.2480541188684421
117 119 0.8511554961153206
118 119 0.22217329359626992
118 120 0.37221548495252166
119 120 0.6289446963116683
119 121 0.07442987739011253
120 121 0.8662641271167748
120 122 0.5668088896681112
121 122 0.1680531891955117
121 123 0.7527926951703127
122 123 0.89406334587493
122 124 0.69711327417246
123 124 0.2844894347995629
123 125 0.2421696088884523
124 125 0.3150946035460118
124 126 0.8259471844969317
125 126 0.17643094530118264
125 127 0.9449033277861838
126 127 0.5375407744915348
126 128 0.9160349983773269
127 128 0.07051977191385239
127 129 0.19472021441117093
128 129 0.9832221451533231
128 130 0.029681718341725172
129 130 0.0893645711911415
129 131 0.0554316747134348
130 131 0.062283024228268036
130 132 0.3334608083771431
131 132 0.21517350499946142
131 133 0.1540528063398201
132 133 0.15289938834341366
132 134 0.8936140783268163
133 134 0.2617878629065177
133 135 0.06835352459383692
134 135 0.17567151367183975
134 136 0.18485244403224443
135 136 0.6331261263132897
135 137 0.0503008978734133
136 137 0.8621445494234007
136 138 0.021898063172060778
137 138 0.9250530317161006
137 139 0.7315459643935442
138 139 0.7100153689598184
138 140 0.6215659398203762
139 140 0.37265272189953436
139 141 0.4302123817542286
140 141 0.34612861167414777
140 142 0.18054256026919158
141 142 0.42367628666584634
141 143 0.49670622325482305
142 143 0.012053778087579015
142 144 0.049975468376023624
143 144 0.20583201829063336
143 145 0.3960964672787297
144 145 0.7184651177052932
144 146 0.3514605586868943
145 146 0.571081199529456
145 147 0.10881099553249796
146 147 0.690517960662836
146 148 0.7492128103069766
147 148 0.8000671319409496
147 149 0.6134281974828816
148 149 0.3380379343472961
148 150 0.682299253524875
149 150 0.18702310244589848
149 151 0.5164838005829504
150 151 0.20172883912388007
150 152 0.48981432508357414
151 152 0.536765174123635
151 153 0.22698114654514345
152 153 0.2550455863866059
152 154 0.8988373422748573
153 154 0.13299617723632484
153 155 0.5294216463561058
154 155 0.16683709265252034
154 156 0.6486035727305998
155 156 0.06287667636148142
155 157 0.6195078516047615
156 157 0.07853381811196114
156 158 0.4683021782077822
157 158 0.13257738446780687
157 159 0.31517279985505575
158 159 0.38198140185466345
158 160 0.5108758898377492
159 160 0.3976575015978855
159 161 0.12915753927018137
160 161 0.454784566104128
160 162 0.6375879170819896
161 162 0.24324477471065298
161 163 0.7161851658300511
162 163 0.7167314120989706
162 164 0.2506843074207926
163 164 0.19736527570588513
163 165 0.691712211315731
164 165 0.2512189362191447
164 166 0.7911262827231216
165 166 0.3074712184854915
165 167 0.5026733953056052
166 167 0.9244185098348993
166 168 0.19841113461656323
167 168 0.4731568900218429
167 169 0.7954061934240183
168 169 0.15443827013159317
168 170 0.6243163898223928
169 170 0.40105293100247597
169 171 0.7130158031114376
170 171 0.8269584876846383
170 172 0.48001729025489237
171 172 0.39354133350143317
171 173 0.3682305190477664
172 173 0.209122569338824
172 174 0.761500522812108
173 174 0.2759723396262773
173 175 0.8515455108632961
174 175 0.3301729323028003
174 176 0.3815398896948038
175 176 0.3151852180716277
175 177 0.7598189937081156
176 177 0.24108795551719986
176 178 0.8957415249116673
177 178 0.49699680823683623
177 179 0.6709685616613127
178 179 0.16661945909365417
178 180 0.42819442790592943
179 180 0.5648568898394976
179 181 0.24220801327825148
180 181 0.7303563191358129
180 182 0.3232967519719788
181 182 0.2579410785043462
181 183 0.6312953551437269
182 183 0.3094437606317689
182 184 0.9999448105539869
183 184 0.9371596032806748
183 185 0.4943682230298466
184 185 0.3005680000036861
184 186 0.8420641750823021
185 186 0.08368972633143235
185 187 0.11250068194054852
186 187 0.6850766602745717
186 188 0.2365259246211826
187 188 0.40622490211086115
187 189 0.02382536715746908
188 189 0.727621361163692
188 190 0.9823119465676186
189 190 0.44403898628270455
189 191 0.21205336077887305
190 191 0.21049187232986188
190 192 0.8783773323377879
191 192 0.18984419080840875
191 193 0.7314138223395732
192 193 0.6739732615777572
192 194 0.21967783251746598
193 194 0.7223141773162712
193 195 0.08677800270632241
194 195 0.7607415168651601
194 196 0.5945572135712138
195 196 0.1608674169955132
195 197 0.8860233848474924
196 197 0.16910174826761326
196 198 0.9482461264247569
197 198 0.8199800710814068
197 199 0.8499989121721617
198 199 0.9453697631358392
198 200 0.3983221049791985
199 200 0.07339304426812765
199 201 0.8197452934925092
200 201 0.42556848085007126
200 202 0.5441041452082178
201 202 0.5074681605794547
201 203 0.217966649151225
202 203 0.3638975053368435
202 204 0.8779509225993428
203 204 0.6193089064696404
203 205 0.5818376299979094
204 205 0.204542098541034
204 206 0.4997190394876527
205 206 0.6841880261437399
205 207 0.5457273561484941
206 207 0.2119350868478247
206 208 0.4149014447234204
207 208 0.23339716244965458
207 209 0.21943418847256535
208 209 0.9427598483193521
208 210 0.09195200733219877
209 210 0.12811468601603737
209 211 0.436076827614996
210 211 0.8306904394824347
210 212 0.42935245526030064
211 212 0.7930415971296683
211 213 0.75532645363146
212 213 0.2971680877104135
212 214 0.679920876100789
213 214 0.34348391087569896
213 215 0.5277596746168794
214 215 0.6762792688526786
214 216 0.16830796606105047
215 216 0.8639021339466781
215 217 0.6570904648971523
216 217 0.42829384426511385
216 218 0.8611064753807132
217 218 0.7670402785463873
217 219 0.6895984724749329
218 219 0.6557861779011008
218 220 0.8239984732033337
219 220 0.6520267240557772
219 221 0.11209942209084156
220 221 0.05370632585328505
220 222 0.6780892942228232
221 222 0.7202333523911593
221 223 0.5478276107266788
222 223 0.10919145170621725
222 224 0.11880987070173465
223 224 0.7092218154709506
223 225 0.7629068314797368
224 225 0.9277583613532406
224 226 0.42989304220164226
225 226 0.3265418455725225
225 227 0.5488334634420776
226 227 0.9518164156277624
226 228 0.9115136908653708
227 228 0.41460677715531646
227 229 0.5402680383064874
228 229 0.1642002311814792
228 230 0.10686376584025381
229 230 0.45610382848090325
229 231 0.041783900875628444
230 231 0.9017878032507849
230 232 0.19026063811522065
231 232 0.8104285511434276
231 233 0.5698903445200328
232 233 0.9681878281284876
232 234 0.08307743111163934
233 234 0.56246315285781
233 235 0.4708255975338179
234 235 0.546877685545723
234 236 0.491528862028793
235 236 0.013733273250975175
235 237 0.5816751055421336
236 237 0.38369303465304205
236 238 0.3512617720198672
237 238 0.5000115723397734
237 239 0.8030173384711076
238 239 0.6626871978002961
238 240 0.08891802767023771
239 240 0.5467618607967095
239 241 0.18429489031761137
240 241 0.8563036592606158
240 242 0.9510083801169934
241 242 0.16708574160628564
241 243 0.07997280262405992
242 243 0.22681883825027693
242 244 0.5465298842099506
243 244 0.3193403793554771
243 245 0.24522326362525404
244 245 0.9227133313140603
244 246 0.8876356236030281
245 246 0.9623427645632365
245 247 0.4339701769236326
246 247 0.2284300123584695
246 248 0.13086183921785977
247 248 0.6162196282633773
247 249 0.5965761662274924
248 249 0.9115523398185987
248 250 0.8312764593394113
249 250 0.37402364941850286
249 251 0.11404367770504131
250 251 0.08755922775724667
250 252 0.6662311655144595
251 252 0.9650797915878507
251 253 0.28162158724896724
252 253 0.9932129055009833
252 254 0.6674605128974626
253 254 0.3317454978857096
253 255 0.13435531720717941
254 255 0.24446782849320114
254 256 0.8786753996513362
255 256 0.6061876445163791
255 257 0.3476029812673481
256 257 0.7598654075811038
256 258 0.019363784600631817
257 258 0.4484144391307354
257 259 0.03699586931827792
258 259 0.3617031357605194
258 260 0.9291221388194745
259 260 0.9852818169638186
259 261 0.8276418248768238
260 261 0.22752577489102455
260 262 0.922159765850075
261 262 0.9957040314847208
261 263 0.3823880561892712
262 263 0.2886119773729541
262 264 0.6686352947943878
263 264 0.44304079668134533
263 265 0.8551044553353909
264 265 0.17616077421821685
264 266 0.7082386848841987
265 266 0.49180847127464433
265 267 0.7990932895413397
266 267 0.8032362626201408
266 268 0.7874548183785278
267 268 0.7951473543697762
267 269 0.5843197395316183
268 269 0.4775073604044764
268 270 0.3460843468887306
269 270 0.4285600691040823
269 271 0.8884736821491518
270 271 0.11577887797334374
270 272 0.8546613737899638
271 272 0.40087414081638906
271 273 0.08673917972289635
272 273 0.5542305238125868
272 274 0.13738925950017322
273 274 0.02522794021886099
273 275 0.7590041908488381
274 275 0.548881940480039
274 276 0.12264533340145811
275 276 0.25258694266796244
275 277 0.54943810806132
276 277 0.6001698051180682
276 278 0.47864278605417
277 278 0.134277899656994
277 279 0.3626095328355604
278 279 0.7802544276150549
278 280 0.6539449726413288
279 280 0.4470305755728813
279 281 0.7579518975693591
280 281 0.1708465856656105
280 282 0.10954114396954284
281 282 0.6528377039996377
281 283 0.5517378689648419
282 283 0.13507262779790408
282 284 0.41833043351083576
283 284 0.09917086118235452
283 285 0.23615227355700208
284 285 0.28417254822076554
284 286 0.6454028863998051
285 286 0.3534471780132822
285 287 0.10317506899974338
286 287 0.5948276679544903
286 288 0.55917338160696
287 288 0.8370003422758262
287 289 0.7689035096114676
288 289 0.9471353108750101
288 290 0.886305290891497
289 290 0.2091660078363523
289 291 0.7896274091190767
290 291 0.305117711721854
290 292 0.18072966071607688
291 292 0.3255192831004645
291 293 0.39327109935923843
292 293 0.027945781162627803
292 294 0.2067400247425295
293 294 0.6252076717319784
293 295 0.7828147191427474
294 295 0.250904362574468
294 296 0.23111785613827673
295 296 0.20736447788667067
295 297 0.4811343730399962
296 297 0.7715195343728243
296 298 0.5490783352206602
297 298 0.20334730502666276
297 299 0.8554396383892217
298 299 0.29064309564855695
298 300 0.19137653999864357
299 300 0.9309035530730464
299 301 0.972616660139239
300 301 0.19827578176566873
300 302 0.09710766387982239
301 302 0.4657763131014382
301 303 0.5241252104738341
302 303 0.5008394976695577
302 304 0.45429195483981044
303 304 0.7224164672152675
303 305 0.6394819514013774
304 305 0.6155934300099684
304 306 0.8991276257728532
305 306 0.05527262344080086
305 307 0.7085066388103318
306 307 0.06744809870721868
306 308 0.22147737307925253
307 308 0.5385089532103582
307 309 0.1762431590031297
308 309 0.716062856215488
308 310 0.5699208655765453
309 310 0.5132340317773008
309 311 0.8476536066538747
310 311 0.836737777628721
310 312 0.07637348333400928
311 312 0.48729289911225826
311 313 0.43466842652784266
312 313 0.4789227673024641
312 314 0.5932416513197288
313 314 0.7086631258897577
313 315 0.5636060592715529
314 315 0.9879597245998618
314 316 0.9189137483796345
315 316 0.6749666808377207
315 317 0.09989558818153021
316 317 0.5747951799136105
316 318 0.8884613641193058
317 318 0.5035560957815192
317 319 0.19845268869120125
318 319 0.26182807718943746
318 320 0.7831077965017726
319 320 0.22035119081729848
319 321 0.13992248968765564
320 321 0.8780432667960218
320 322 0.7720549264565806
321 322 0.375465870154129
321 323 0.64271425196501
322 323 0.08668947786608738
322 324 0.6145745836162003
323 324 0.029611868912548633
323 325 0.6731049178599445
324 325 0.8936546105119816
324 326 0.7279000361041738
325 326 0.18337405793693917
325 327 0.1088622498702897
326 327 0.6489017109218632
326 328 0.2323504657444767
327 328 0.19989427392426518
327 329 0.9738725104001966
328 329 0.6087274844748459
328 330 0.6851623337385673
329 330 0.41409833002153795
329 331 0.8931443469225434
330 331 0.2828054198430262
330 332 0.10436482175897732
331 332 0.3220314799476107
331 333 0.11356661610773511
332 333 0.8511038590068839
332 334 0.9098741547515162
333 334 0.6501777478932239
333 335 0.5894457963860287
334 335 0.25075004342366636
334 336 0.07177790417351604
335 336 0.918285577656176
335 337 0.8399944690936217
336 337 0.13827736970535764
336 338 0.5096566686144928
337 338 0.19586145165388535
337 339 0.650437100739341
338 339 0.5235154124505135
338 340 0.40417615278020835
339 340 0.03978693480521489
339 341 0.6743887270364274
340 341 0.0307004612122177
340 342 0.035150471122392224
341 342 0.7778588347046236
341 343 0.4663293825793322
342 343 0.22747954962953298
342 344 0.771715933329064
343 344 0.3694241311458286
343 345 0.0026700217092658907
344 345 0.5530619383321689
344 346 0.5847603123479014
345 346 0.24722375243559824
345 347 0.871055497205847
346 347 0.61927049011307
346 348 0.5231892313904684
347 348 0.7995510806577798
347 349 0.8217678005099452
348 349 0.6852656248413578
348 350 0.8335554981310068
349 350 0.01780458581516453
73 29 0.5820980410828117
84 160 0.2763211971235381
282 342 0.6177671876295764
Loss 0.0 45.0 0.0 0.0 0.0 12.0 0.0 0.0 0.0 56.0 0.0 0.0 0.0 28.0 0.0 0.0 0.0 23.0 0.0 0.0 0.0 87.0 0.0 0.0 0.0 58.0 0.0 0.0 0.0 3.0 0.0 0.0 0.0 94.0 0.0 0.0 0.0 94.0 0.0 0.0 0.0 69.0 0.0 0.0 0.0 15.0 0.0 0.0 0.0 36.0 0.0 0.0 0.0 57.0 0.0 0.0 0.0 43.0 0.0 0.0 0.0 33.0 0.0 0.0 0.0 56.0 0.0 0.0 0.0 34.0 0.0 0.0 0.0 77.0 0.0 0.0 0.0 98.0 0.0 0.0 0.0 62.0 0.0 0.0 0.0 64.0 0.0 0.0 0.0 84.0 0.0 0.0 0.0 59.0 0.0 0.0 0.0 89.0 0.0 0.0 0.0 69.0 0.0 0.0 0.0 18.0 0.0 0.0 0.0 87.0 0.0 0.0 0.0 55.0 0.0 0.0 0.0 28.0 0.0 0.0 0.0 70.0 0.0 0.0 0.0 97.0 0.0 0.0 0.0 45.0 0.0 0.0 0.0 36.0 0.0 0.0 0.0 79.0 0.0 0.0 0.0 34.0 0.0 0.0 0.0 19.0 0.0 0.0 0.0 19.0 0.0 0.0 0.0 76.0 0.0 0.0 0.0 37.0 0.0 0.0 0.0 92.0 0.0 0.0 0.0 35.0 0.0 0.0 0.0 55.0 0.0 0.0 0.0 72.0 0.0 0.0 0.0 29.0 0.0 0.0 0.0 81.0 0.0 0.0 0.0 9.0 0.0 0.0 0.0 0.0 0.0 0.0 0.0 8.0 0.0 0.0 0.0 80.0 0.0 0.0 0.0 93.0 0.0 0.0 0.0 35.0 0.0 0.0 0.0 31.0 0.0 0.0 0.0 64.0 0.0 0.0 0.0 91.0 0.0 0.0 0.0 9.0 0.0 0.0 0.0 41.0 0.0 0.0 0.0 86.0 0.0 0.0 0.0 10.0 0.0 0.0 0.0 56.0 0.0 0.0 0.0 95.0 0.0 0.0 0.0 90.0 0.0 0.0 0.0 50.0 0.0 0.0 0.0 56.0 0.0 0.0 0.0 22.0 0.0 0.0 0.0 82.0 0.0 0.0 0.0 43.0 0.0 0.0 0.0 19.0 0.0 0.0 0.0 4.0 0.0 0.0 0.0 3.0 0.0 0.0 0.0 26.0 0.0 0.0 0.0 72.0 0.0 0.0 0.0 24.0 0.0 0.0 0.0 41.0 0.0 0.0 0.0 21.0 0.0 0.0 0.0 41.0 0.0 0.0 0.0 95.0 0.0 0.0 0.0 63.0 0.0 0.0 0.0 31.0 0.0 0.0 0.0 21.0 0.0 0.0 0.0 92.0 0.0 0.0 0.0 14.0 0.0 0.0 0.0 78.0 0.0 0.0 0.0 32.0 0.0 0.0 0.0 68.0 0.0 0.0 0.0 73.0 0.0 0.0 0.0 69.0 0.0 0.0 0.0 73.0 