400 <--# of nodes, 800 edges 
1 2 0.6069197407845396
1 3 0.5367337549865635
2 3 0.1227592049965831
2 4 0.6985818657848271
3 4 0.3735180024632583
3 5 0.5432585321433707
4 5 0.1974413519575262
4 6 0.38299156649460586
5 6 0.16427908108172795
5 7 0.12417243802687017
6 7 0.45911156358381433
6 8 0.687985185402179
7 8 0.4139295212955866
7 9 0.5629257195336691
8 9 0.3019293719462338
8 10 0.585822291310443
9 10 0.8814476182947819
9 11 0.9826095663247951
10 11 0.35672151651627537
10 12 0.2812212002966852
11 12 0.5930330395834492
11 13 0.03346136715496428
12 13 0.8492748666701628
12 14 0.9527317411100874
13 14 0.3144461000633474
13 15 0.3687727128530828
14 15 0.7313784598203527
14 16 0.7101336827862226
15 16 0.31618145179395374
15 17 0.6253599679084302
16 17 0.7907959622376795
16 18 0.01025446580336331
17 18 0.35845328943756793
17 19 0.48174233296702407
18 19 0.27652531931936986
18 20 0.19245021610906932
19 20 0.7324628663272141
19 21 0.6019755043988543
20 21 0.3911014704667476
20 22 0.19157331133078292
21 22 0.47482458292730556
21 23 0.6296000588363887
22 23 0.6137108450847557
22 24 0.8138162184440576
23 24 0.09328922661934547
23 25 0.028870402042732835
24 25 0.33104050111845573
24 26 0.6599718025015356
25 26 0.17385035652770608
25 27 0.9818636570808335
26 27 0.16189450506694958
26 28 0.971580950694952
27 28 0.03718472728274069
27 29 0.47325222575366344
28 29 0.6294556513088629
28 30 0.46733872651339603
29 30 0.32511761891117463
29 31 0.7272865376202512
30 31 0.316568045418516
30 32 0.29134596785365907
31 32 0.04357064028270374
31 33 0.4674871874713705
32 33 0.170531416828544
32 34 0.8021245181489793
33 34 0.9752722708126252
33 35 0.08156035520985394
34 35 0.652908852884743
34 36 0.9002620539153285
35 36 0.6247180939698815
35 37 0.7604415854133592
36 37 0.4682616844498728
36 38 0.9981249838320431
37 38 0.9686200304645611
37 39 0.5727578230182089
38 39 0.6055070639359874
38 40 0.7781077485869627
39 40 0.38368879335506323
39 41 0.44846329293500864
40 41 0.9722964193157377
40 42 0.14529827792411043
41 42 0.1692347324006218
41 43 0.5066624812644205
42 43 0.8596432036960792
42 44 0.4667600464208117
43 44 0.868237699617276
43 45 0.1816711378408803
44 45 0.18939433236483327
44 46 0.9173314198231032
45 46 0.9372352995955802
45 47 0.6324618271324937
46 47 0.7384474172594959
46 48 0.8363802079059213
47 48 0.16063443238943664
47 49 0.3571995782177788
48 49 0.3863741414853197
48 50 0.4370795685228641
49 50 0.18595907222653618
49 51 0.6459660495459607
50 51 0.1843913534971806
50 52 0.21371360525583516
51 52 0.3743727687475342
51 53 0.26315823887036993
52 53 0.4244400282432864
52 54 0.6205848549692782
53 54 0.14832382439074954
53 55 0.5149654193770521
54 55 0.9087390459338017
54 56 0.36496296927821714
55 56 0.36950006609598507
55 57 0.32669042797730397
56 57 0.9291358027749335
56 58 0.21908313806741242
57 58 0.8964513131120815
57 59 0.5793145174638402
58 59 0.30584762682747635
58 60 0.4622074382249217
59 60 0.5835186396261657
59 61 0.5907286417360242
60 61 0.24301420181389477
60 62 0.558170375114546
61 62 0.7316867131170647
61 63 0.21524745251892663
62 63 0.9985120493266333
62 64 0.957823938713001
63 64 0.5780530491357418
63 65 0.37217082963506487
64 65 0.44457011167449423
64 66 0.18727595608325243
65 66 0.7931926820026397
65 67 0.05774663776176414
66 67 0.28403786827870847
66 68 0.8310992759691925
67 68 0.3625938722061607
67 69 0.8531579854576984
68 69 0.673751893518411
68 70 0.8149428452965433
69 70 0.5255916339286181
69 71 0.5489442681075736
70 71 0.8689801008075948
70 72 0.17598740807897872
71 72 0.6330728734100026
71 73 0.9308376424674558
72 73 0.17200874754580353
72 74 0.3782886050401256
73 74 0.6531449670572332
73 75 0.27592279608690273
74 75 0.9149181839106556
74 76 0.08187527647934478
75 76 0.6411580670190536
75 77 0.6831007187934192
76 77 0.0368956920468303
76 78 0.943193121377998
77 78 0.41445652130327415
77 79 0.14004594679857274
78 79 0.42039806791133005
78 80 0.17905458958465437
79 80 0.9976132854895419
79 81 0.5040044512450867
80 81 0.6032064964649815
80 82 0.3111338216266387
81 82 0.1126516412690508
81 83 0.38132164478704467
82 83 0.6735332785967777
82 84 0.8504266838211063
83 84 0.3357297676988229
83 85 0.8087618416458852
84 85 0.7844069302510095
84 86 0.07095024948524342
85 86 0.5722202786865912
85 87 0.6018586786821164
86 87 0.49313903571848927
86 88 0.37260032028792756
87 88 0.17866492293752723
87 89 0.8309885559026199
88 89 0.1673695825206324
88 90 0.06382572966353228
89 90 0.29207184145522747
89 91 0.6109779765861841
90 91 0.9425812262561956
90 92 0.8564375396423219
91 92 0.686304784161196
91 93 0.16140472137849882
92 93 0.5063755027700629
92 94 0.3321341533653923
93 94 0.08813280167245041
93 95 0.21881097151778273
94 95 0.8271480254639444
94 96 0.6051298638927359
95 96 0.4178158587975437
95 97 0.6072608572848822
96 97 0.8510867159747058
96 98 0.44478887537281975
97 98 0.910778735341567
97 99 0.058996177129813754
98 99 0.9540905122687225
98 100 0.8366466060108382
99 100 0.3066308581859568
99 101 0.8713664480675845
100 101 0.24159780281024346
100 102 0.4679020982506946
101 102 0.4573835700956025
101 103 0.20838776345978527
102 103 0.10265851863046616
102 104 0.12337385910990739
103 104 0.05728516504675918
103 105 0.5663644285282364
104 105 0.2488848929209022
104 106 0.271500814052516
105 106 0.29759235397071715
105 107 0.235998263297725
106 107 0.1655375573710567
106 108 0.2970752220963304
107 108 0.8832019055482279
107 109 0.20016717836820286
108 109 0.2212752613391591
108 110 0.29296801762935376
109 110 0.5120212565176611
109 111 0.9844089967000996
110 111 0.00934574973339386
110 112 0.33042042846930997
111 112 0.5118094902090479
111 113 0.77991585570644
112 113 0.6952157064570894
112 114 0.8290794622317847
113 114 0.14681054325419685
113 115 0.157677359406594
114 115 0.33706170851124995
114 116 0.3320709779004236
115 116 0.4343794560709109
115 117 0.0223047501297734
116 117 0.9117771663805164
116 118 0.39285806638908904
117 118 0.4958976376420182
117 119 0.5191237516464992
118 119 0.7755760044910647
118 120 0.9786882057133834
119 120 0.24093246505935362
119 121 0.9342064670774782
120 121 0.6236149135913712
120 122 0.15528667930646423
121 122 0.1531887039526325
121 123 0.7915520037740635
122 123 0.27063497589442
122 124 0.8472481089412394
123 124 0.08568618452579246
123 125 0.6395462515982846
124 125 0.41063312125953266
124 126 0.5366551121574177
125 126 0.008195184757897267
125 127 0.19096042108393363
126 127 0.7175410062323117
126 128 0.4908322889667146
127 128 0.27679724536993167
127 129 0.2705361852625102
128 129 0.6276417883374944
128 130 0.05998766446413584
129 130 0.32165524478607055
129 131 0.7562644402184518
130 131 0.9447208878024166
130 132 0.3080001531263369
131 132 0.15202913692823727
131 133 0.7648575834669722
132 133 0.07289835465646688
132 134 0.024337771360170235
133 134 0.7512422391238944
133 135 0.3374447764705961
134 135 0.8343991126675165
134 136 0.36728346735923945
135 136 0.7648835404240121
135 137 0.6336323648180939
136 137 0.9700099845348104
136 138 0.897069833290458
137 138 0.06506045653122883
137 139 0.9365948375035317
138 139 0.12997668093713677
138 140 0.06716780924983945
139 140 0.9459719457792553
139 141 0.5077026761002951
140 141 0.8973716224747352
140 142 0.6802046980353438
141 142 0.7600618586106411
141 143 0.13737231666297767
142 143 0.3889088761635271
142 144 0.9573717768833689
143 144 0.8415317030922828
143 145 0.858211732178312
144 145 0.08455236061674032
144 146 0.5473409738969278
145 146 0.4954535701259012
145 147 0.14418830606144184
146 147 0.8817726984667819
146 148 0.02471546414615511
147 148 0.3748623339959183
147 149 0.2566488836282801
148 149 0.7938445432588124
148 150 0.32747262964298185
149 150 0.7396851528524051
149 151 0.8663338143968461
150 151 0.884193133071039
150 152 0.6538428971895267
151 152 0.21633417240864206
151 153 0.7003399465118721
152 153 0.456039709141948
152 154 0.06366149214159156
153 154 0.134835759109995
153 155 0.9670555254656896
154 155 0.4166982368108698
154 156 0.6950189850698372
155 156 0.8572274631933238
155 157 0.6296718178898031
156 157 0.5868061905204771
156 158 0.6050247735579224
157 158 0.07643669558686872
157 159 0.13693077041932955
158 159 0.13023879988311904
158 160 0.5521815752729521
159 160 0.7690567643878654
159 161 0.41696265679288935
160 161 0.5432072717913035
160 162 0.3951673442026148
161 162 0.8577635786029979
161 163 0.6117123656782356
162 163 0.9842598234469182
162 164 0.8797438315559994
163 164 0.47621908949862046
163 165 0.36801062915535565
164 165 0.4487189580373264
164 166 0.4559152930260393
165 166 0.6947674770143807
165 167 0.4451523757807324
166 167 0.8544619044917126
166 168 0.5586806902612279
167 168 0.8731558325390351
167 169 0.6090071112190728
168 169 0.20076660287025505
168 170 0.49354966560342595
169 170 0.44139643895306735
169 171 0.37093931808846015
170 171 0.4236902353781521
170 172 0.31097487757725706
171 172 0.3696231282246858
171 173 0.5174503041252859
172 173 0.7184631296430793
172 174 0.1668233523228716
173 174 0.02303270843238847
173 175 0.3226133453203459
174 175 0.3190723983337972
174 176 0.23203876398601664
175 176 0.15392477519260295
175 177 0.6345824704064814
176 177 0.1522458043522038
176 178 0.8656449890552951
177 178 0.02294246395057986
177 179 0.5380786672022968
178 179 0.0870991483796335
178 180 0.2881287339002053
179 180 0.32016407755367293
179 181 0.6318400263767818
180 181 0.8456800176197966
180 182 0.11278799513665538
181 182 0.022584785719038547
181 183 0.5976532332211576
182 183 0.7960573229759255
182 184 0.4746253378628188
183 184 0.017074614941439914
183 185 0.25466604273275817
184 185 0.9006975327051715
184 186 0.9070374272960006
185 186 0.07590432928650237
185 187 0.2542140743929102
186 187 0.5324496841801035
186 188 0.3475989177127141
187 188 0.17330938048683375
187 189 0.3691963617539231
188 189 0.7624421458014977
188 190 0.19476250749115653
189 190 0.17785398794746554
189 191 0.12403698234722327
190 191 0.42310636025594617
190 192 0.38852253898924693
191 192 0.4631082226258858
191 193 0.5098775674115658
192 193 0.20074522583085652
192 194 0.41031849522013275
193 194 0.498832088393931
193 195 0.003306069022659619
194 195 0.5402348626665893
194 196 0.5377143213764006
195 196 0.618478008225608
195 197 0.6969173904055862
196 197 0.8993470727400112
196 198 0.2993908477243826
197 198 0.13436984313699962
197 199 0.4618806468836395
198 199 0.13485810450644065
198 200 0.3720636463032255
199 200 0.6737853615630718
199 201 0.28274924399887924
200 201 0.8311939491788926
200 202 0.7285904185809028
201 202 0.6067817261317773
201 203 0.049420480671021116
202 203 0.8820076192922107
202 204 0.12684351966051466
203 204 0.0058391163863695805
203 205 0.7392169579841325
204 205 0.33794239210615395
204 206 0.0613668576108759
205 206 0.7457478032588053
205 207 0.2872035988450442
206 207 0.07389840800704428
206 208 0.6176109599734735
207 208 0.8427868192092639
207 209 0.827428872332447
208 209 0.5062356608434381
208 210 0.5100189635651252
209 210 0.12722394830402406
209 211 0.37804900196055535
210 211 0.7835055501457452
210 212 0.17814342429914742
211 212 0.7893316102170366
211 213 0.3059444747459187
212 213 0.7419997472577748
212 214 0.493622022235114
213 214 0.44336060489408147
213 215 0.4771825007502096
214 215 0.380951584078132
214 216 0.6507788275884125
215 216 0.7806509530440815
215 217 0.9184945909867264
216 217 0.24372028820864056
216 218 0.3266477550173701
217 218 0.24087525933316067
217 219 0.36006737041426695
218 219 0.18044208707439613
218 220 0.5299118966400752
219 220 0.5426965859342092
219 221 0.6998797754604493
220 221 0.7540153924089131
220 222 0.14229411348672782
221 222 0.9738760644449241
221 223 0.4557200831800573
222 223 0.3043331102232434
222 224 0.1167730980460644
223 224 0.5486326739173158
223 225 0.9505148584837134
224 225 0.9823944690125702
224 226 0.4604375723173746
225 226 0.2040010020122458
225 227 0.05369234736257977
226 227 0.16821247171647102
226 228 0.8602946960189902
227 228 0.019019849954087897
227 229 0.16939712272789376
228 229 0.5087098208445101
228 230 0.9905296192540104
229 230 0.9883644008284926
229 231 0.9765000283669334
230 231 0.49099243609147036
230 232 0.022206087449291867
231 232 0.5535662013321601
231 233 0.09791201395956761
232 233 0.1438562103731541
232 234 0.9639181799271388
233 234 0.17556430232084197
233 235 0.8674870251606498
234 235 0.6031985066846185
234 236 0.03500173261193906
235 236 0.5342332649075562
235 237 0.6839634170285318
236 237 0.0637753998255286
236 238 0.1177710765531127
237 238 0.6472493472001403
237 239 0.2648711764294608
238 239 0.18869483273183618
238 240 0.686593951338988
239 240 0.6374207335877545
239 241 0.764399947877271
240 241 0.5526536316509968
240 242 0.6577584966531057
241 242 0.35175512455764246
241 243 0.598076629883996
242 243 0.5281270479094826
242 244 0.667650169713271
243 244 0.9794679822749373
243 245 0.5176166357968301
244 245 0.8159460940878682
244 246 0.4858617395066065
245 246 0.5960448373730596
245 247 0.07601408102842167
246 247 0.5903982684174821
246 248 0.08845552490895081
247 248 0.9464758300569897
247 249 0.3127660039562169
248 249 0.5304192972703975
248 250 0.32279991552266074
249 250 0.26089341249783593
249 251 0.05823683377918665
250 251 0.8278644888223883
250 252 0.23470125260998087
251 252 0.6422804748815754
251 253 0.29650615034278904
252 253 0.7321797289805063
252 254 0.8460861502209958
253 254 0.9958206889139999
253 255 0.6549948560176884
254 255 0.05951247215826838
254 256 0.3412239212265218
255 256 0.4494213973130141
255 257 0.18018970130432377
256 257 0.9625164507039743
256 258 0.3961622295539179
257 258 0.5062664334434784
257 259 0.17515366470018856
258 259 0.9620726724424846
258 260 0.7033222278285233
259 260 0.8841836279077339
259 261 0.30823222306429054
260 261 0.20496769320354313
260 262 0.5436669017552564
261 262 0.28487454157758973
261 263 0.6080002246916046
262 263 0.5105519115101621
262 264 0.14778670325948706
263 264 0.015726235650664222
263 265 0.2671514702521044
264 265 0.5618020758330388
264 266 0.07597629069879108
265 266 0.1614611929838785
265 267 0.024693328849304308
266 267 0.457459842799946
266 268 0.12035014822899559
267 268 0.56026234800048
267 269 0.598244760787385
268 269 0.7012004628799358
268 270 0.07218392811733076
269 270 0.057120754328322976
269 271 0.11614266657372752
270 271 0.18094300055548684
270 272 0.17544068197609775
271 272 0.22298065606486495
271 273 0.4284964827426653
272 273 0.9577834104124474
272 274 0.6309620865830526
273 274 0.825554505313588
273 275 0.3590307504716099
274 275 0.6518596067455534
274 276 0.0660929589004412
275 276 0.004857445475180078
275 277 0.08706485261556829
276 277 0.8258404574470211
276 278 0.8701087265230929
277 278 0.5478623224328013
277 279 0.7776488687690745
278 279 0.752291403516429
278 280 0.7241862069819014
279 280 0.6480708093198305
279 281 0.3351568003558131
280 281 0.41016570364371174
280 282 0.9156093944578892
281 282 0.008911846646658783
281 283 0.31318632584731876
282 283 0.8372446171059793
282 284 0.6536834972358996
283 284 0.7575585565241428
283 285 0.465195207210645
284 285 0.057304664240066305
284 286 0.8667073525184965
285 286 0.17142009274155623
285 287 0.07651989641203782
286 287 0.7578173541801865
286 288 0.3856959125822178
287 288 0.30476520136715324
287 289 0.18323879484424
288 289 0.3705742974946058
288 290 0.7507049731575672
289 290 0.59053303549857
289 291 0.20429795213401603
290 291 0.27738989084045373
290 292 0.3580851856470497
291 292 0.26848523857324325
291 293 0.2892250271820733
292 293 0.8825988783549128
292 294 0.8952007740354088
293 294 0.5789795474054049
293 295 0.9148209145019637
294 295 0.5967875880198754
294 296 0.9554448176434593
295 296 0.30618305913300325
295 297 0.9105248965839864
296 297 0.8177691245928698
296 298 0.24918803916987808
297 298 0.9121528340794252
297 299 0.1751571119162959
298 299 0.8269490895669174
298 300 0.0487000653270937
299 300 0.232030051354988
299 301 0.2837758832200694
300 301 0.7137633859596199
300 302 0.5267061468820288
301 302 0.803961133492353
301 303 0.4839569689569403
302 303 0.8569663692146332
302 304 0.47716063643047024
303 304 0.08853446568984258
303 305 0.5295214670822027
304 305 0.18197881802822347
304 306 0.4084339303777619
305 306 0.4738909937987319
305 307 0.7741633794379397
306 307 0.5292397588888923
306 308 0.2934192642674057
307 308 0.9393534033588373
307 309 0.027798457022224388
308 309 0.8198602722649065
308 310 0.19784138571457055
309 310 0.10802141712701219
309 311 0.6232777436341458
310 311 0.523955491043269
310 312 0.27064699423720595
311 312 0.7730086772109315
311 313 0.7238253349959011
312 313 0.3606952728482554
312 314 0.6609558312802574
313 314 0.5759063821425408
313 315 0.6208882661554259
314 315 0.4427650614505464
314 316 0.9058267431759842
315 316 0.6586215423856145
315 317 0.4240829006672867
316 317 0.8775902900905048
316 318 0.9132326299518275
317 318 0.2387346022735436
317 319 0.03849829307311137
318 319 0.9163601496538059
318 320 0.11682419471118666
319 320 0.5789497841314248
319 321 0.12265791200501952
320 321 0.024515191686663607
320 322 0.17380207590759988
321 322 0.7032596047500357
321 323 0.4844762594208496
322 323 0.15617578929288045
322 324 0.2840727469528742
323 324 0.6847094627986634
323 325 0.2897614926380634
324 325 0.0365834965148506
324 326 0.23746006695181787
325 326 0.7477533222285844
325 327 0.09019746163487963
326 327 0.25635557342328685
326 328 0.8479300622421878
327 328 0.7618943958743499
327 329 0.7209698414999413
328 329 0.5983330865735754
328 330 0.8700265020136047
329 330 0.626072597050509
329 331 0.9110614712187884
330 331 0.7110055959726503
330 332 0.119142442373106
331 332 0.5570490067759625
331 333 0.6951514616070477
332 333 0.6192343855624005
332 334 0.0808795225729736
333 334 0.021210216258820025
333 335 0.07441020308602297
334 335 0.594400516603478
334 336 0.22177563388831545
335 336 0.8486651167611438
335 337 0.6693788748684101
336 337 0.9515140554283408
336 338 0.8108671682233215
337 338 0.24266077880083048
337 339 0.8990348752225674
338 339 0.09011701017317475
338 340 0.0926165157699379
339 340 0.00850171851338788
339 341 0.5370269285202149
340 341 0.10943767553965023
340 342 0.7728646415612865
341 342 0.12032291068674739
341 343 0.1965850376018592
342 343 0.39708298991709867
342 344 0.07362936192427916
343 344 0.3099542437343633
343 345 0.04350658263517837
344 345 0.2751690656603125
344 346 0.4538226521123141
345 346 0.9747629414642248
345 347 0.5436252840024657
346 347 0.16684725910491538
346 348 0.1033021974768763
347 348 0.642637521272857
347 349 0.24044431765426266
348 349 0.2936651053416549
348 350 0.00263935539008342
349 350 0.4143169041910537
349 351 0.30196062307687843
350 351 0.9027589122801526
350 352 0.4819700951865984
351 352 0.7751921512119239
351 353 0.4632654244100597
352 353 0.4725920981182521
352 354 0.5531166438615477
353 354 0.11489530399771863
353 355 0.7193833355198982
354 355 0.869545109913182
354 356 0.12607540036542253
355 356 0.2660089534881037
355 357 0.9162851111483443
356 357 0.309450315331683
356 358 0.2145215974470609
357 358 0.45319999693063984
357 359 0.8816197276574327
358 359 0.4591856295799318
358 360 0.32521623463090266
359 360 0.6813076189784206
359 361 0.3928113692681614
360 361 0.41816047598783923
360 362 0.5256186422843162
361 362 0.5240789912591675
361 363 0.25714650409234585
362 363 0.6125331249526773
362 364 0.15756324529079535
363 364 0.5597505446929969
363 365 0.23986256950856677
364 365 0.6078583359288797
364 366 0.10032773652505378
365 366 0.8039643963088682
365 367 0.640269781438787
366 367 0.858668432968527
366 368 0.439127452847732
367 368 0.805588812525745
367 369 0.2541063404723617
368 369 0.8903628166192998
368 370 0.174397302515666
369 370 0.4808223242137847
369 371 0.91776191087934
370 371 0.8521658035521527
370 372 0.48287337816118525
371 372 0.8047355297330329
371 373 0.8879199031722913
372 373 0.6724888046260566
372 374 0.1360170575947054
373 374 8.209764083523252E-4
373 375 0.09386275500988894
374 375 0.3156596297673486
374 376 0.5438473356819856
375 376 0.5437855504377662
375 377 0.09203125189280181
376 377 0.6023687760516055
376 378 0.2508121740659821
377 378 0.5957638409117605
377 379 0.4385292941678637
378 379 0.487342205313015
378 380 0.6344570632567497
379 380 0.8519721934635262
379 381 0.18702089817081635
380 381 0.9500179207053583
380 382 0.5532840162085958
381 382 0.650946729315602
381 383 0.47851058449469064
382 383 0.23406514183261662
382 384 0.6792722564469431
383 384 0.1030165018564545
383 385 0.4263056455227029
384 385 0.14602380217702882
384 386 0.21997586836259664
385 386 0.26339226844131514
385 387 0.9047248903141863
386 387 0.8374849165079788
386 388 0.9838122414688715
387 388 0.740901326495719
387 389 0.2263985829648656
388 389 0.21672523874989869
388 390 0.14717266363792436
389 390 0.10749967198961596
389 391 0.3903066876670963
390 391 0.7904634714042496
390 392 0.29246710195209924
391 392 0.08226467376129909
391 393 0.06103888372666355
392 393 0.8421319907317273
392 394 0.6954625797478049
393 394 0.8506667831785015
393 395 0.2487508003962351
394 395 0.8441968174234697
394 396 0.87123489749376
395 396 0.015274728721261899
395 397 0.03916118102630106
396 397 0.8100027479829256
396 398 0.7896994867650103
397 398 0.7703963087825174
397 399 0.5495175494000059
398 399 0.5851052046427535
398 400 0.4969007841427774
399 400 0.12753410738479065
298 61 0.42386456387863936
18 1 0.5170504991454643
226 175 0.7966263318785798
Loss 0.0 74.0 0.0 0.0 0.0 54.0 0.0 0.0 0.0 30.0 0.0 0.0 0.0 10.0 0.0 0.0 0.0 89.0 0.0 0.0 0.0 76.0 0.0 0.0 0.0 50.0 0.0 0.0 0.0 85.0 0.0 0.0 0.0 10.0 0.0 0.0 0.0 9.0 0.0 0.0 0.0 70.0 0.0 0.0 0.0 31.0 0.0 0.0 0.0 6.0 0.0 0.0 0.0 73.0 0.0 0.0 0.0 21.0 0.0 0.0 0.0 23.0 0.0 0.0 0.0 8.0 0.0 0.0 0.0 68.0 0.0 0.0 0.0 70.0 0.0 0.0 0.0 90.0 0.0 0.0 0.0 60.0 0.0 0.0 0.0 44.0 0.0 0.0 0.0 57.0 0.0 0.0 0.0 41.0 0.0 0.0 0.0 79.0 0.0 0.0 0.0 38.0 0.0 0.0 0.0 24.0 0.0 0.0 0.0 48.0 0.0 0.0 0.0 55.0 0.0 0.0 0.0 46.0 0.0 0.0 0.0 18.0 0.0 0.0 0.0 40.0 0.0 0.0 0.0 35.0 0.0 0.0 0.0 1.0 0.0 0.0 0.0 94.0 0.0 0.0 0.0 33.0 0.0 0.0 0.0 44.0 0.0 0.0 0.0 38.0 0.0 0.0 0.0 77.0 0.0 0.0 0.0 37.0 0.0 0.0 0.0 41.0 0.0 0.0 0.0 96.0 0.0 0.0 0.0 81.0 0.0 0.0 0.0 59.0 0.0 0.0 0.0 19.0 0.0 0.0 0.0 77.0 0.0 0.0 0.0 72.0 0.0 0.0 0.0 62.0 0.0 0.0 0.0 28.0 0.0 0.0 0.0 34.0 0.0 0.0 0.0 46.0 0.0 0.0 0.0 22.0 0.0 0.0 0.0 53.0 0.0 0.0 0.0 71.0 0.0 0.0 0.0 58.0 0.0 0.0 0.0 90.0 0.0 0.0 0.0 52.0 0.0 0.0 0.0 65.0 0.0 0.0 0.0 2.0 0.0 0.0 0.0 88.0 0.0 0.0 0.0 50.0 0.0 0.0 0.0 0.0 0.0 0.0 0.0 10.0 0.0 0.0 0.0 43.0 0.0 0.0 0.0 94.0 0.0 0.0 0.0 19.0 0.0 0.0 0.0 34.0 0.0 0.0 0.0 99.0 0.0 0.0 0.0 23.0 0.0 0.0 0.0 54.0 0.0 0.0 0.0 52.0 0.0 0.0 0.0 84.0 0.0 0.0 0.0 96.0 0.0 0.0 0.0 48.0 0.0 0.0 0.0 73.0 0.0 0.0 0.0 53.0 0.0 0.0 0.0 10.0 0.0 0.0 0.0 77.0 0.0 0.0 0.0 28.0 0.0 0.0 0.0 76.0 0.0 0.0 0.0 94.0 0.0 0.0 0.0 61.0 0.0 0.0 0.0 58.0 0.0 0.0 0.0 32.0 0.0 0.0 0.0 66.0 0.0 0.0 0.0 47.0 0.0 0.0 0.0 34.0 0.0 0.0 0.0 77.0 0.0 0.0 0.0 16.0 0.0 0.0 0.0 15.0 0.0 0.0 0.0 0.0 0.0 0.0 0.0 42.0 0.0 0.0 0.0 38.0 0.0 0.0 0.0 63.0 0.0 0.0 0.0 2.0 0.0 0.0 0.0 12.0 0.0 0.0 0.0 18.0 0.0 0.0 0.0 93.0 0.0 0.0 0.0 85.0 0.0 0.0 0.0 38.0 0.0 44.0 