150 <--# of nodes, 300 edges 
1 2 0.03671011505920185
1 3 0.20560514944435482
2 3 0.6353282487356867
2 4 0.6616644269705085
3 4 0.21742722719314045
3 5 0.87122279277651
4 5 0.3689959538230789
4 6 0.773465970055967
5 6 0.18078142079110804
5 7 0.08669149773899121
6 7 0.7994576215521068
6 8 0.38557037865879695
7 8 0.3082129502727313
7 9 0.7731548267488193
8 9 0.2943712416520483
8 10 0.35572238653456434
9 10 0.1313610995842055
9 11 0.12160946803448824
10 11 0.021801194242910604
10 12 0.779756341027223
11 12 0.33295624425011516
11 13 0.8535669491715459
12 13 0.26999025345302674
12 14 0.9426232583746902
13 14 0.30807939710965115
13 15 0.4369037792531494
14 15 0.801144165349075
14 16 0.07381252604132649
15 16 0.6058107798423499
15 17 0.27753634672129934
16 17 0.4490898959092232
16 18 0.5913477661410831
17 18 0.9287973538978371
17 19 0.8524803363073572
18 19 0.38259141066069213
18 20 0.07764047380902672
19 20 0.5812335405385078
19 21 0.8304599656568512
20 21 0.811434284548627
20 22 0.5805474863857333
21 22 0.6368700028415503
21 23 0.5513475043435001
22 23 0.19227985558723637
22 24 0.1394300268219003
23 24 0.8855383013304902
23 25 0.32854385878068626
24 25 0.03126434328101646
24 26 0.24235323420279786
25 26 0.5737860498918468
25 27 0.8274805490963189
26 27 0.35156568105319974
26 28 0.4582074633943005
27 28 0.9168376920655638
27 29 0.8130523813112648
28 29 0.9037536243304133
28 30 0.5022979110468107
29 30 0.08601538693405453
29 31 0.5085178608829554
30 31 0.4974032526485167
30 32 0.6449809654373283
31 32 0.9710160655019748
31 33 0.5561323275221761
32 33 0.038066438224296006
32 34 0.5448637297050128
33 34 0.983671421003395
33 35 0.7523763833959668
34 35 0.9678103361179526
34 36 0.33468110667467976
35 36 0.4956313606448618
35 37 0.3324926642024525
36 37 0.04472544412821755
36 38 0.9464822458098358
37 38 0.6111410980194147
37 39 0.3516866394549206
38 39 0.14765165798141955
38 40 0.33580675035855634
39 40 0.8099507983629637
39 41 0.09317757383459702
40 41 0.9846215925892164
40 42 0.9138890043812579
41 42 0.5421678305965958
41 43 0.698841226495887
42 43 0.5919281441535454
42 44 0.03218171450155871
43 44 0.742190382890571
43 45 0.09512791853515967
44 45 0.713775241878149
44 46 0.9011996344429594
45 46 0.7524992896291145
45 47 0.45417605132228667
46 47 0.3609609100950574
46 48 0.06922706334256257
47 48 0.6903697572096784
47 49 0.5708603778995096
48 49 0.7572518613501628
48 50 0.10156273464507592
49 50 0.9798670444770725
49 51 0.725189117177191
50 51 0.8171295163741586
50 52 0.776931572129586
51 52 0.39451142139506035
51 53 0.7681744476543786
52 53 0.41379752252845414
52 54 0.12874067868562888
53 54 0.5534745884334479
53 55 0.6796817156343692
54 55 0.11981481594396426
54 56 0.9146307415138571
55 56 0.15211030972618833
55 57 0.8688156574472952
56 57 0.08347719301173973
56 58 0.6178570979022808
57 58 0.6229528037703916
57 59 0.6655720212274577
58 59 0.2275517798768133
58 60 0.928250107247281
59 60 0.18383377315597715
59 61 0.49745886616419976
60 61 0.5309360386274169
60 62 0.952252666323657
61 62 0.8797506047176551
61 63 0.9715699601752299
62 63 0.7475142652510282
62 64 0.2258453963313407
63 64 0.38831982277271837
63 65 0.029441533658969843
64 65 0.3099987655152274
64 66 0.7996061804398054
65 66 0.012558169010162934
65 67 0.7255316894622541
66 67 0.8153899261738164
66 68 0.8136456422296293
67 68 0.476021988528463
67 69 0.9137658999106637
68 69 0.1378110823779901
68 70 0.4816153228921576
69 70 0.43256383838914403
69 71 0.02314615794881958
70 71 0.9402407869539827
70 72 0.17462655460660104
71 72 0.12601091665615338
71 73 0.8098974171518944
72 73 0.7747641754845108
72 74 0.8748216088941078
73 74 0.8791444948777738
73 75 0.9817910097291128
74 75 0.4089062625481762
74 76 0.3135927995240867
75 76 0.9159063146840327
75 77 0.6783575917692712
76 77 0.6339820506905297
76 78 0.5131777187690756
77 78 0.094777161297255
77 79 0.3212195748751887
78 79 0.22376231113225287
78 80 0.2409989130169674
79 80 0.2793410804117199
79 81 0.5965152684215917
80 81 0.38938976303116635
80 82 0.6418178886464863
81 82 0.010412071897675235
81 83 0.028045905205258514
82 83 0.45420368081935547
82 84 0.6430647137842924
83 84 0.9964118741434189
83 85 0.3636155738267248
84 85 0.7304325864347223
84 86 0.33445317741346015
85 86 0.12696062255742335
85 87 0.35612643371087205
86 87 0.9333242824358832
86 88 0.3400569561325305
87 88 0.02072839913000879
87 89 0.5497097806898577
88 89 0.556578624055626
88 90 0.3389733310576106
89 90 0.18092657189853845
89 91 0.3451106979210613
90 91 0.09526866096286746
90 92 0.619851146260117
91 92 0.802695319802106
91 93 0.9806374150722451
92 93 0.62576669616292
92 94 0.5657575158934853
93 94 0.18508552630605446
93 95 0.017875426364216462
94 95 0.7354964052427689
94 96 0.9805266444303034
95 96 0.4378949634049367
95 97 0.8624410276811374
96 97 0.17165822492722393
96 98 0.7781814962249963
97 98 0.4110206531487016
97 99 0.7666001309943883
98 99 0.5703321258127436
98 100 0.648297255915643
99 100 0.4833032960215643
99 101 0.3052544240184568
100 101 0.6083957026101543
100 102 0.8018760926831321
101 102 0.2829696180873519
101 103 0.8159023798281728
102 103 0.8136244348511905
102 104 0.07839125318190743
103 104 0.7182759229123473
103 105 0.6789758089166232
104 105 0.24827420810352097
104 106 0.5958633105825214
105 106 0.810702126511675
105 107 0.48670215314954757
106 107 0.843624348292982
106 108 0.482966848017802
107 108 0.7340641340037148
107 109 0.1620383217984237
108 109 0.405547083478066
108 110 0.40105735296704237
109 110 0.9437236970098745
109 111 0.4754977329603408
110 111 0.7597892076025907
110 112 0.8272265883601116
111 112 0.7066360428690295
111 113 0.28451904449091403
112 113 0.6832677838463956
112 114 0.4663843087028352
113 114 0.2733297427518233
113 115 0.5297883979815118
114 115 0.6468512320573007
114 116 0.437634299856389
115 116 0.8148023936698336
115 117 0.492267908947164
116 117 0.14215381989857012
116 118 0.5503359458412428
117 118 0.8375290999877484
117 119 0.7270535973867143
118 119 0.9495769459638206
118 120 0.33544034345092844
119 120 0.30948821471362853
119 121 0.4179995875218513
120 121 0.16855265880169035
120 122 0.4737712908225413
121 122 0.7258754413723596
121 123 0.9839312643018382
122 123 0.5478944609998221
122 124 0.03935324401617524
123 124 0.10266606073928275
123 125 0.0849094114722787
124 125 0.865207721558805
124 126 0.6089298524511647
125 126 0.7249613513370066
125 127 0.9131430392570296
126 127 0.5532542862790933
126 128 0.12717087625756285
127 128 0.07422128051388677
127 129 0.8037642876560664
128 129 0.9843771572587319
128 130 0.6773914449539837
129 130 0.05064683402207193
129 131 0.19733149891104929
130 131 0.8653926084170567
130 132 0.4112533577785854
131 132 0.79411024244697
131 133 0.9412989405563283
132 133 0.1187972636321255
132 134 0.6498224977128809
133 134 0.8516173917035076
133 135 0.8095819354499374
134 135 0.5681187724613099
134 136 0.4077014213955388
135 136 0.48038833770130807
135 137 0.29572127535273784
136 137 0.8318705181028774
136 138 0.5708349807694498
137 138 0.4554559503358998
137 139 0.6148857260775461
138 139 0.331659236222159
138 140 0.06064404939200918
139 140 0.36115286536614966
139 141 0.9504777205882382
140 141 0.9120435573138957
140 142 0.7458974981641772
141 142 0.5818342421772856
141 143 0.1998228033394338
142 143 0.21765281222788713
142 144 0.29858486086225244
143 144 0.38628583918945203
143 145 0.896180048629078
144 145 0.8039245679172892
144 146 0.9284802108346356
145 146 0.37747381848478667
145 147 0.9735704814898534
146 147 0.834756385887128
146 148 0.38462439106383917
147 148 0.4488400022424772
147 149 0.5066160244588538
148 149 0.7434262251927413
148 150 0.7514392716867043
149 150 0.33378713870001997
135 75 0.3353857942655777
36 84 0.698363722143433
49 142 0.05699272730601057
Loss 0.0 29.0 0.0 0.0 0.0 12.0 0.0 0.0 0.0 83.0 0.0 0.0 0.0 48.0 0.0 0.0 0.0 40.0 0.0 0.0 0.0 36.0 0.0 0.0 0.0 2.0 0.0 0.0 0.0 75.0 0.0 0.0 0.0 98.0 0.0 0.0 0.0 15.0 0.0 0.0 0.0 4.0 0.0 0.0 0.0 58.0 0.0 0.0 0.0 54.0 0.0 0.0 0.0 2.0 0.0 0.0 0.0 66.0 0.0 0.0 0.0 83.0 0.0 0.0 0.0 80.0 0.0 0.0 0.0 56.0 0.0 0.0 0.0 18.0 0.0 0.0 0.0 84.0 0.0 0.0 0.0 24.0 0.0 0.0 0.0 47.0 0.0 0.0 0.0 42.0 0.0 0.0 0.0 0.0 0.0 0.0 0.0 26.0 0.0 0.0 0.0 6.0 0.0 0.0 0.0 47.0 0.0 0.0 0.0 43.0 0.0 0.0 0.0 68.0 0.0 0.0 0.0 73.0 0.0 0.0 0.0 12.0 0.0 0.0 0.0 96.0 0.0 0.0 0.0 6.0 0.0 0.0 0.0 73.0 0.0 0.0 0.0 76.0 0.0 0.0 0.0 78.0 0.0 0.0 0.0 99.0 0.0 0.0 0.0 85.0 