175 <--# of nodes, 350 edges 
1 2 0.21494024218149743
1 3 0.2951304008335952
2 3 0.3507592845969836
2 4 0.1515416144515711
3 4 0.7215170539530004
3 5 0.8041208915221882
4 5 0.5768731012596979
4 6 0.1644768589596698
5 6 0.9034157579202022
5 7 0.3675436276187526
6 7 0.7123767981596897
6 8 0.8776601497193899
7 8 0.8077899734378216
7 9 0.14498052371293735
8 9 0.040081651539396246
8 10 0.09801303096424696
9 10 0.08896668253668716
9 11 0.2590337318107546
10 11 0.5439875849775531
10 12 0.649686309666184
11 12 0.3168710000531242
11 13 0.8704232388562637
12 13 0.4243946301755528
12 14 0.02221716130674911
13 14 0.970430338929749
13 15 0.9436281051963276
14 15 0.026949461715015666
14 16 0.22037227333209886
15 16 0.8946977970229043
15 17 0.3054419227381626
16 17 0.3200510912947565
16 18 0.14296548059865233
17 18 0.2543301359340536
17 19 0.14785741483659365
18 19 0.7575930070574382
18 20 0.3760655377938533
19 20 0.7892844169804274
19 21 0.4988362180965046
20 21 0.7832821775512864
20 22 0.9872561429614637
21 22 0.9991304091958414
21 23 0.7147379718716126
22 23 0.7060603193171977
22 24 0.7474896397562075
23 24 0.021738192425228897
23 25 0.15617360879379172
24 25 0.4610702554233034
24 26 0.6151104859502331
25 26 0.14868195579113963
25 27 0.05830581395902068
26 27 0.5329708937114281
26 28 0.7791280151455229
27 28 0.6700024236065205
27 29 0.9627065671962813
28 29 0.6686644905587446
28 30 0.1630484202303365
29 30 0.9775944706880166
29 31 0.3743637128486711
30 31 0.629260290281372
30 32 0.028682198237089285
31 32 0.8081294807295271
31 33 0.013344117476605133
32 33 0.21349357841430494
32 34 0.029332078054149613
33 34 0.12031734811097594
33 35 0.420046617647743
34 35 0.3347762696377714
34 36 0.9032636421129439
35 36 0.5273649431193986
35 37 0.55250688271667
36 37 0.9669246199892594
36 38 0.3731735940006039
37 38 0.5915184122291018
37 39 0.9604655973937712
38 39 0.8124255025154425
38 40 0.745671827974071
39 40 0.9806982070469176
39 41 0.046956123739308686
40 41 0.5143452036674404
40 42 0.4171978916284744
41 42 0.6452008489671379
41 43 0.9200546634798898
42 43 0.2789575520190327
42 44 0.20567220619718507
43 44 0.6428182674898141
43 45 0.9556780882599433
44 45 0.764133706413628
44 46 0.9634743016757956
45 46 0.6472491389308025
45 47 0.2812196595202032
46 47 0.7886847838351364
46 48 0.8753323048194291
47 48 0.12888226035760708
47 49 0.16186732658702274
48 49 0.5365808759302824
48 50 0.722362821772428
49 50 0.32628365959564354
49 51 0.7285766141894306
50 51 0.13674538245852141
50 52 0.664217563202567
51 52 0.6320174570074565
51 53 0.9593473517988318
52 53 0.8764201672017718
52 54 0.5126647199694983
53 54 0.40269694105156173
53 55 0.007454064436082319
54 55 0.15761617805549233
54 56 0.20015867823918387
55 56 0.7434977830128107
55 57 0.958165932881019
56 57 0.8915128996568509
56 58 0.5947182808324781
57 58 0.801702266564844
57 59 0.22224940246495128
58 59 0.6790890990305201
58 60 0.20015464584608322
59 60 0.1834605415483771
59 61 0.6637516985666784
60 61 0.40393555828681116
60 62 0.7407705969468763
61 62 0.13211088780285196
61 63 0.11375767281525595
62 63 0.15348577956929788
62 64 0.507871654838071
63 64 0.45186267670475355
63 65 0.21727531799359479
64 65 0.9121322366925009
64 66 0.5439073837475977
65 66 0.8837709251146302
65 67 0.7527730594841369
66 67 0.724319888355049
66 68 0.7757089322066016
67 68 0.6132168962711677
67 69 0.9404064515841921
68 69 0.2867902854531589
68 70 0.8822109211541453
69 70 0.4424547919212901
69 71 0.3602803950247542
70 71 0.6387303275545063
70 72 0.44414861206239475
71 72 0.42733962359874245
71 73 0.4037298346897583
72 73 0.3384441422842942
72 74 0.46259126465310196
73 74 0.6255992128333274
73 75 0.9831030763964709
74 75 0.8663586650761783
74 76 0.7299104562766061
75 76 0.23931799552056
75 77 0.9423217241409895
76 77 0.6231193959165578
76 78 0.4559162266910586
77 78 0.5963106947228922
77 79 0.25248802665979164
78 79 0.21119351471102255
78 80 0.8052010536566945
79 80 0.33610293200102725
79 81 0.8691539699464276
80 81 0.6930802061042407
80 82 0.272952997304005
81 82 0.8772082767846018
81 83 0.9888467721560412
82 83 0.3982475512490129
82 84 0.34126414624832024
83 84 0.6041756741575015
83 85 0.8326338018423868
84 85 0.32408106816725624
84 86 0.4991416106470692
85 86 0.9637218748955488
85 87 0.10429212998393877
86 87 0.4613975076026625
86 88 0.9875766837904104
87 88 0.33393589790761846
87 89 0.12397540637632787
88 89 0.7587569653106677
88 90 0.4210824778234611
89 90 0.3604408581584767
89 91 0.7434971549716628
90 91 0.8673907107209473
90 92 0.5804457040321804
91 92 0.13216942375589402
91 93 0.7454439528188005
92 93 0.7073986567939586
92 94 0.5617425154648493
93 94 0.2908420619977793
93 95 0.6340811112541365
94 95 0.6078368078336659
94 96 0.9281650822603588
95 96 0.9401479841897692
95 97 0.6236163673832943
96 97 0.16625505498732618
96 98 0.957297092367666
97 98 0.16872831689664214
97 99 0.2741597443506649
98 99 0.8502622107466005
98 100 0.022410571383531752
99 100 0.6061810109100478
99 101 0.2701142347055834
100 101 0.7868658536373528
100 102 0.05927800932594862
101 102 0.00946775406174205
101 103 0.31152487186063627
102 103 0.8000961956863102
102 104 0.2423119566716584
103 104 0.3579100222337689
103 105 0.8415176574987075
104 105 0.6867358973341969
104 106 0.9047630610654889
105 106 0.786128809190648
105 107 0.44890115883862536
106 107 0.4465110242584266
106 108 0.3383238325791156
107 108 0.22575421961577002
107 109 0.16938933017391022
108 109 0.2888969679375267
108 110 0.03384321160444237
109 110 0.8931627157233614
109 111 0.28757885114068615
110 111 0.37826014049157397
110 112 0.24151318183358728
111 112 0.3024507424689209
111 113 0.24561102190088757
112 113 0.42525917569050165
112 114 0.7827782049834678
113 114 0.3812208410857425
113 115 0.7492777536394085
114 115 0.3891735941594293
114 116 0.9741835293030953
115 116 0.25341657564684517
115 117 0.2075611635592246
116 117 0.8059201025664592
116 118 0.837405055481116
117 118 0.10237645490155023
117 119 0.263429372903473
118 119 0.004879532074745674
118 120 0.838172216882089
119 120 0.47208610596944767
119 121 0.8983340662635254
120 121 0.6654081686797503
120 122 0.6854228882777683
121 122 0.9754673180897654
121 123 0.7928683415471064
122 123 0.5020152754516318
122 124 0.30734435752279
123 124 0.5355822826227483
123 125 0.47187011684917624
124 125 0.4454881852012632
124 126 0.3452560133716742
125 126 0.48412639436648397
125 127 0.49248543070484085
126 127 0.7461321492345311
126 128 0.8060181689175435
127 128 0.8241412204063673
127 129 0.834416153846741
128 129 0.839866518630622
128 130 0.443161658005915
129 130 0.18385037555079353
129 131 0.6433118863177665
130 131 0.18595338710848286
130 132 0.7717203274253215
131 132 0.8282265526684528
131 133 0.33452384771544574
132 133 0.9854399652853022
132 134 0.2712269097514908
133 134 0.16417244389118546
133 135 0.6397431745271921
134 135 0.3635344847463001
134 136 0.8888556764011085
135 136 0.7493215041274199
135 137 0.5110567783567387
136 137 0.36371200550358174
136 138 0.5013978079121448
137 138 0.7606112139521998
137 139 0.8766679347526164
138 139 0.5732150078453195
138 140 0.5017089957702293
139 140 0.9893836431739715
139 141 0.4446173050179555
140 141 0.024655552655037938
140 142 0.2634074514907535
141 142 0.41165942558427504
141 143 0.5418271698781806
142 143 0.5143895667645395
142 144 0.016911893270924128
143 144 0.9253390351392691
143 145 0.09322008373967794
144 145 0.030647522025342155
144 146 0.4198590783917917
145 146 0.9800326004236711
145 147 0.43104656675996544
146 147 0.03589794147797798
146 148 0.9288184214592436
147 148 0.9958086752287434
147 149 0.563925468853191
148 149 0.19301304382410145
148 150 0.7741564851273952
149 150 0.2352761925702973
149 151 0.7228736354282042
150 151 0.6457381191756213
150 152 0.20694066291890312
151 152 0.016422831774786317
151 153 0.37446305667116586
152 153 0.2517836061015659
152 154 0.25294973753720906
153 154 0.773263813406015
153 155 0.6234237243024007
154 155 0.4618866992521856
154 156 0.3357138722145522
155 156 0.8601228996175302
155 157 0.864630385667485
156 157 0.18004946053459792
156 158 0.7304145658946557
157 158 0.26642863818353224
157 159 0.27670570742728995
158 159 0.1206387211930825
158 160 0.32992109635299094
159 160 0.2435122914157133
159 161 0.4175497175915267
160 161 0.16395600810170396
160 162 0.033357447644505545
161 162 0.1509352999221718
161 163 0.36174143377809176
162 163 0.40445503661649784
162 164 0.3859675618720987
163 164 0.47884312945976637
163 165 0.3301546990194021
164 165 0.22798660201478993
164 166 0.007624111858657967
165 166 0.9719320129530118
165 167 0.2190615929014511
166 167 0.8040326832304471
166 168 0.5773790991899225
167 168 0.34222699408753443
167 169 0.8130595950769024
168 169 0.7158226362187979
168 170 0.7911317352966831
169 170 0.8937475283413783
169 171 0.05270357447451035
170 171 0.0401943480331477
170 172 0.19421261533287126
171 172 0.04075611426140224
171 173 0.0800848758583963
172 173 0.19151736043019219
172 174 0.9988535654516111
173 174 0.9544407953003048
173 175 0.131264521903264
174 175 0.8611344739967758
18 108 0.16192407435395462
17 8 0.9787289794127999
122 72 0.5875650515255939
Loss 0.0 84.0 0.0 0.0 0.0 64.0 0.0 0.0 0.0 88.0 0.0 0.0 0.0 77.0 0.0 0.0 0.0 56.0 0.0 0.0 0.0 49.0 0.0 0.0 0.0 20.0 0.0 0.0 0.0 33.0 0.0 0.0 0.0 64.0 0.0 0.0 0.0 57.0 0.0 0.0 0.0 71.0 0.0 0.0 0.0 88.0 0.0 0.0 0.0 4.0 0.0 0.0 0.0 88.0 0.0 0.0 0.0 90.0 0.0 0.0 0.0 85.0 0.0 0.0 0.0 10.0 0.0 0.0 0.0 50.0 0.0 0.0 0.0 62.0 0.0 0.0 0.0 86.0 0.0 0.0 0.0 84.0 0.0 0.0 0.0 38.0 0.0 0.0 0.0 71.0 0.0 0.0 0.0 68.0 0.0 0.0 0.0 89.0 0.0 0.0 0.0 37.0 0.0 0.0 0.0 93.0 0.0 0.0 0.0 30.0 0.0 0.0 0.0 85.0 0.0 0.0 0.0 93.0 0.0 0.0 0.0 90.0 0.0 0.0 0.0 65.0 0.0 0.0 0.0 49.0 0.0 0.0 0.0 52.0 0.0 0.0 0.0 55.0 0.0 0.0 0.0 15.0 0.0 0.0 0.0 78.0 0.0 0.0 0.0 67.0 0.0 0.0 0.0 6.0 0.0 0.0 0.0 98.0 0.0 0.0 0.0 10.0 0.0 0.0 0.0 1.0 0.0 0.0 0.0 49.0 0.0 0.0 0.0 68.0 61.0 