225 <--# of nodes, 450 edges 
1 2 0.035339613964445515
1 3 0.7720220558100319
2 3 0.9818367546441742
2 4 0.33824679226820764
3 4 0.035633908542634374
3 5 0.3545307651484988
4 5 0.2520792859651326
4 6 0.8398416326015661
5 6 0.5377592415782041
5 7 0.0867929496733656
6 7 0.48049719200158136
6 8 0.3669654161348529
7 8 0.8602815903761147
7 9 0.6014355751537358
8 9 0.6839365016743656
8 10 0.09200293759054223
9 10 0.9668307408817426
9 11 0.6613213476895244
10 11 0.7493307075009625
10 12 0.28513094566842034
11 12 0.38616501942212145
11 13 0.6559660703211972
12 13 0.1456753212531069
12 14 0.6677327009464159
13 14 0.40141353346254427
13 15 0.163038110164602
14 15 0.9940666264165567
14 16 0.7746398124907854
15 16 0.5792210587429882
15 17 0.4683420732461874
16 17 0.8858272989598194
16 18 0.9770169335659321
17 18 0.8790470402357928
17 19 0.9760452247318144
18 19 0.7842282160392335
18 20 0.9312882619195704
19 20 0.4493446980356657
19 21 0.6324964199201173
20 21 0.17855977536431644
20 22 0.834396488218746
21 22 0.10645370278117783
21 23 0.8187971018467267
22 23 0.14182718658294857
22 24 0.033952995472216974
23 24 0.4470136854614498
23 25 0.7513762916119034
24 25 0.8703039686482689
24 26 0.4838133451465024
25 26 0.003690462665907668
25 27 0.5841267366506006
26 27 0.1575780652188321
26 28 0.43733083043433496
27 28 0.2568931108679058
27 29 0.20623245500846565
28 29 0.6580112777459982
28 30 0.7040968206824463
29 30 0.3890192101758917
29 31 0.15517659625410707
30 31 0.38749750710299036
30 32 0.36314039484137595
31 32 0.9128433552951273
31 33 0.05259841389782749
32 33 0.9190430414456863
32 34 0.8711348477571997
33 34 0.9705294988314905
33 35 0.08329269273475715
34 35 0.024231164774599634
34 36 0.24401223300948094
35 36 0.8775642337812882
35 37 0.7247014573033271
36 37 0.25319290897411373
36 38 0.1576971609357377
37 38 0.14190425702162635
37 39 0.3268688711270724
38 39 0.7020372415520404
38 40 0.8672214184135003
39 40 0.19205475489392465
39 41 0.35185826416324617
40 41 0.7965476880293779
40 42 0.652473347959135
41 42 0.5028962875433404
41 43 0.8243592493197237
42 43 0.49201636614640654
42 44 0.14059711246549023
43 44 0.7283064710976557
43 45 0.4545076768544042
44 45 0.08410167281127512
44 46 0.707282472216428
45 46 0.7868044463152642
45 47 0.9197920532313879
46 47 0.5751108131356577
46 48 0.9069722753398723
47 48 0.04473009665120953
47 49 0.609738027326646
48 49 0.994411331660811
48 50 0.17231909448486427
49 50 0.45469319306472566
49 51 0.47956192527484554
50 51 0.5434708304502094
50 52 0.7259895840324352
51 52 0.3979663331023735
51 53 0.13486416547649438
52 53 0.17174784914740182
52 54 0.6077721958673887
53 54 0.46050429624118117
53 55 0.4380799469836304
54 55 0.02093541971980928
54 56 0.14265325559458208
55 56 0.835699576422862
55 57 0.9552032281555588
56 57 0.42029214426554473
56 58 0.5804782628192848
57 58 0.7256241754842473
57 59 0.9933257282768476
58 59 0.9900511589250298
58 60 0.13245584632476937
59 60 0.3088360963087444
59 61 0.7185485909011908
60 61 0.27050508391014183
60 62 0.19462570809692847
61 62 0.2403174652823441
61 63 0.9412621177794339
62 63 0.05390859577780294
62 64 0.12732797137953045
63 64 0.8058921101543237
63 65 0.7231404965985934
64 65 0.39934296274507597
64 66 0.9884181935577101
65 66 0.06585131895519802
65 67 0.2235965010614528
66 67 0.15769615498137957
66 68 0.4401291339811748
67 68 0.2198356753637497
67 69 0.03741187093028253
68 69 0.49494456077814397
68 70 0.8984299420613168
69 70 0.7701016887017442
69 71 0.4157257438398877
70 71 0.69162455550961
70 72 0.3519712751380386
71 72 0.8969647896573333
71 73 0.5555051367016446
72 73 0.5695124713558598
72 74 0.003940345702770909
73 74 0.6493464407615817
73 75 0.3187654788630653
74 75 0.4738871067895688
74 76 0.4493233821298066
75 76 0.05021132560301744
75 77 0.32283918484858487
76 77 0.8035011934864642
76 78 0.5861127536964115
77 78 0.19164402203341935
77 79 0.0035599950446590922
78 79 0.6899147837883443
78 80 0.14690587986874737
79 80 0.024730111836304913
79 81 0.28897850347287635
80 81 0.09241308420618433
80 82 0.4440142307285564
81 82 0.4074688552275455
81 83 0.9307979119634533
82 83 0.563331177295323
82 84 0.646311427494066
83 84 0.7698837856707603
83 85 0.3203067392280613
84 85 0.8568605818351026
84 86 0.17195773691978256
85 86 0.6402996566907512
85 87 0.33192347997929383
86 87 0.9568639774957268
86 88 0.7259506685824982
87 88 0.07538003896764112
87 89 0.6779301240436738
88 89 0.45578628481201244
88 90 0.8913234173188935
89 90 0.6034587687275168
89 91 0.11282634336226005
90 91 0.9927972261959247
90 92 0.8277685657036459
91 92 0.35251637046279927
91 93 0.97903370146535
92 93 0.15532035152577217
92 94 0.4539455668154595
93 94 0.8677184719163789
93 95 0.5553406800482756
94 95 0.8316775925239028
94 96 0.28626076813935597
95 96 0.06091856407747409
95 97 0.27437575811450743
96 97 0.779188392167536
96 98 0.956877528246608
97 98 0.6723277837722356
97 99 0.8276891077699715
98 99 0.6234957999816247
98 100 0.038095882893524946
99 100 0.6992804926586215
99 101 0.10716321036316934
100 101 0.8660500359062979
100 102 0.4758826804576062
101 102 0.7869598467031282
101 103 0.7097273157724715
102 103 0.6769313631069521
102 104 0.0659043225429623
103 104 0.16999183976705534
103 105 0.1713318895146837
104 105 0.8763961469758449
104 106 0.0351672539464748
105 106 0.7206148241386621
105 107 0.6283377691687284
106 107 0.6460673275989982
106 108 0.377967319347268
107 108 0.24442120206432627
107 109 0.5607711689880049
108 109 0.949682730167899
108 110 0.17839875715584064
109 110 0.6703248275827577
109 111 0.6823098359742634
110 111 0.9894086012607413
110 112 0.8649619630854336
111 112 0.9366971636659851
111 113 0.6053706696338512
112 113 0.6374033735269491
112 114 0.4446004478975166
113 114 0.8981443651507864
113 115 0.0647762636335143
114 115 0.6817298414507785
114 116 0.8559136112628072
115 116 0.8081310960638848
115 117 0.47520660307656115
116 117 0.1732176530907784
116 118 0.9067059822794257
117 118 0.8065353375960348
117 119 0.12623032048190708
118 119 0.0017460581033195144
118 120 0.5676567077516045
119 120 0.18136784251417992
119 121 0.8238806145448417
120 121 0.3411453383401507
120 122 0.02980712163684096
121 122 0.197282915590707
121 123 0.6437459218797771
122 123 0.3364083978623783
122 124 0.4985555391683043
123 124 0.20189316595843865
123 125 0.9509735613245135
124 125 0.7608488236796992
124 126 0.6683922273229277
125 126 0.5616210762686487
125 127 0.1894552965044043
126 127 0.6801157565546208
126 128 0.638241683278329
127 128 0.3276987756644243
127 129 0.1954826532705113
128 129 0.7737387027608245
128 130 0.49226948231363354
129 130 0.8840165986849414
129 131 0.7385075994923613
130 131 0.1978952280286259
130 132 0.680537033945945
131 132 0.9770244507850326
131 133 0.9643704361839966
132 133 0.11699558794742893
132 134 0.1584354698579099
133 134 0.2976346196081764
133 135 0.28948658339317734
134 135 0.7812020952997334
134 136 0.23841331644742925
135 136 0.3837078096940253
135 137 0.6489552433936697
136 137 0.5948791269419231
136 138 0.7734753288638919
137 138 0.7328285393530003
137 139 0.0929463466653051
138 139 0.9633058655054686
138 140 0.8292897649521804
139 140 0.1428430325519776
139 141 0.235288808986307
140 141 0.22051260540346473
140 142 0.8090725211773603
141 142 0.21000834595671147
141 143 0.5788408511027594
142 143 0.9182696659832669
142 144 0.4867898726524773
143 144 0.07852528879269427
143 145 0.8845072142095459
144 145 0.15826025028576252
144 146 0.06206451830468718
145 146 0.8638525192968871
145 147 0.5222983638721919
146 147 0.044088987391566414
146 148 0.6982920345819961
147 148 0.86683586782356
147 149 0.5455163429251914
148 149 0.672807710495468
148 150 0.008931977647539502
149 150 0.029477627741330448
149 151 0.23460887699430677
150 151 0.1116979134057895
150 152 0.05581966765639157
151 152 0.43686980381507934
151 153 0.20987345017902692
152 153 0.18538861493680614
152 154 0.6861569306926657
153 154 0.6365235473066504
153 155 0.11006610838590081
154 155 0.5553007691384343
154 156 0.412695686723926
155 156 0.6761190644404015
155 157 0.4662815416303776
156 157 0.725799338791848
156 158 0.39639605039159564
157 158 0.06224723426621104
157 159 0.6306262859300066
158 159 0.2691065972643679
158 160 0.9527244239601161
159 160 0.6327707221727902
159 161 0.47793288286578006
160 161 0.7861889554487554
160 162 0.738485710666525
161 162 0.09157922313960387
161 163 0.699426299438687
162 163 0.8280169077076116
162 164 0.8770891995360599
163 164 0.6915086101444807
163 165 0.11362203341454835
164 165 0.8230939654918027
164 166 0.5108878993307918
165 166 0.19818169114750706
165 167 0.1159706873622498
166 167 0.9848768566423826
166 168 0.04182765332747629
167 168 0.5174121122650271
167 169 0.9717024042461926
168 169 0.5786332952336181
168 170 0.8425824877589082
169 170 0.8378873491022407
169 171 0.5089149867546559
170 171 0.24363061943183517
170 172 0.06680953644655074
171 172 0.12869986617663043
171 173 0.12848035636328115
172 173 0.443805082424528
172 174 0.3313606894067064
173 174 0.5721199254796817
173 175 0.701225493617191
174 175 0.5157654313722749
174 176 0.22330621782422289
175 176 0.05785646779440656
175 177 0.30341595968144053
176 177 0.23039149773526868
176 178 0.13663132908818287
177 178 0.026276232065298943
177 179 0.6737999215080667
178 179 0.20245084228447408
178 180 0.866659587719968
179 180 0.9800847184365025
179 181 0.167364866852325
180 181 0.6883878804993583
180 182 0.6892995555223046
181 182 0.23120172865137867
181 183 0.28392369389026006
182 183 0.8897165622087865
182 184 0.7629834079833381
183 184 0.9883641679251007
183 185 0.10674480399784991
184 185 0.2377905387007121
184 186 0.31251526990198575
185 186 0.6899250579826848
185 187 0.8884465659530886
186 187 0.568602081764061
186 188 0.05500845184602521
187 188 0.5121682405170859
187 189 0.9580197435347997
188 189 0.21691346746457507
188 190 0.7323294060217246
189 190 0.262506273032709
189 191 0.41023772998392594
190 191 0.02578302214984962
190 192 0.9777756037027231
191 192 0.3460398449715104
191 193 0.16519339789912546
192 193 0.6515395005014162
192 194 0.6263223156649884
193 194 0.32212213711333637
193 195 0.03880204021685141
194 195 0.5918019007083001
194 196 0.7569165644104467
195 196 0.5088208691756699
195 197 0.40770121609151155
196 197 0.3069096854407988
196 198 0.07234082306832823
197 198 0.8593405263072781
197 199 0.3885945087946371
198 199 0.03790329549700344
198 200 0.3440433451900695
199 200 0.48540926998316825
199 201 0.16310670924765225
200 201 0.09677540870917245
200 202 0.24514633174116152
201 202 0.5448519262722302
201 203 0.8374791491052136
202 203 0.9539484114783212
202 204 0.27670382129151794
203 204 0.7678356226591023
203 205 0.9029564564223614
204 205 0.903499210653684
204 206 0.5837702561244389
205 206 0.712117743217673
205 207 0.27983076718382427
206 207 0.4440330549283604
206 208 0.9908377987817542
207 208 0.7501559261789548
207 209 0.9929039383946905
208 209 0.2745438786959612
208 210 0.4881497634816663
209 210 0.019333974620164396
209 211 0.44173491646647045
210 211 0.9750520874303235
210 212 0.6706925818486003
211 212 0.2861698969167107
211 213 0.08765726584385558
212 213 0.5075255694612109
212 214 0.03596616902891947
213 214 0.9759400691544894
213 215 0.5887983874710374
214 215 0.3029807986483559
214 216 0.0833888327675959
215 216 0.5940164963036415
215 217 0.6638132662477261
216 217 0.9664090397507089
216 218 0.9559181036246477
217 218 0.14761518614076163
217 219 0.44173878004224076
218 219 0.12148142262118511
218 220 0.9452298329306655
219 220 0.8724170775667837
219 221 0.13118420407565945
220 221 0.5296635419018572
220 222 0.5142467469760532
221 222 0.81928490009821
221 223 0.3503670013378899
222 223 0.2711155974767304
222 224 0.25272853955790575
223 224 0.019191021664628716
223 225 0.9022723057673748
224 225 0.7064485709499411
43 211 0.9421035547523067
94 193 0.724937157339014
95 104 0.4964163135355285
Loss 0.0 9.0 0.0 0.0 0.0 33.0 0.0 0.0 0.0 51.0 0.0 0.0 0.0 37.0 0.0 0.0 0.0 7.0 0.0 0.0 0.0 37.0 0.0 0.0 0.0 61.0 0.0 0.0 0.0 91.0 0.0 0.0 0.0 90.0 0.0 0.0 0.0 29.0 0.0 0.0 0.0 49.0 0.0 0.0 0.0 33.0 0.0 0.0 0.0 7.0 0.0 0.0 0.0 10.0 0.0 0.0 0.0 42.0 0.0 0.0 0.0 17.0 0.0 0.0 0.0 79.0 0.0 0.0 0.0 27.0 0.0 0.0 0.0 82.0 0.0 0.0 0.0 55.0 0.0 0.0 0.0 19.0 0.0 0.0 0.0 68.0 0.0 0.0 0.0 65.0 0.0 0.0 0.0 12.0 0.0 0.0 0.0 22.0 0.0 0.0 0.0 83.0 0.0 0.0 0.0 96.0 0.0 0.0 0.0 71.0 0.0 0.0 0.0 67.0 0.0 0.0 0.0 96.0 0.0 0.0 0.0 82.0 0.0 0.0 0.0 54.0 0.0 0.0 0.0 21.0 0.0 0.0 0.0 73.0 0.0 0.0 0.0 76.0 0.0 0.0 0.0 66.0 0.0 0.0 0.0 36.0 0.0 0.0 0.0 40.0 0.0 0.0 0.0 76.0 0.0 0.0 0.0 75.0 0.0 0.0 0.0 3.0 0.0 0.0 0.0 88.0 0.0 0.0 0.0 12.0 0.0 0.0 0.0 63.0 0.0 0.0 0.0 56.0 0.0 0.0 0.0 90.0 0.0 0.0 0.0 74.0 0.0 0.0 0.0 76.0 0.0 0.0 0.0 76.0 0.0 0.0 0.0 27.0 0.0 0.0 0.0 91.0 0.0 0.0 0.0 20.0 0.0 0.0 0.0 32.0 0.0 0.0 0.0 39.0 0.0 0.0 0.0 60.0 0.0 0.0 0.0 26.0 0.0 0.0 52.0 