250 <--# of nodes, 500 edges 
1 2 0.9446536882732154
1 3 0.01902461904891084
2 3 0.8764677268915966
2 4 0.8973037506222393
3 4 0.4911563974045061
3 5 0.26946650797662264
4 5 0.8150331270526576
4 6 0.5331998304417253
5 6 0.3487272663457033
5 7 0.6754466844625665
6 7 0.9490463134697058
6 8 0.42733824041911994
7 8 0.3788212464815498
7 9 0.5820080799790549
8 9 0.9950658941348061
8 10 0.9933024468452589
9 10 0.813958468036451
9 11 0.9284035584333614
10 11 0.5298888463445959
10 12 0.39126279349510673
11 12 0.23249005922454247
11 13 0.12223914838185013
12 13 0.787141370238616
12 14 0.15962102397331634
13 14 0.3100983247428355
13 15 0.20390550382394756
14 15 0.3772020145192855
14 16 0.7049669094149564
15 16 0.770428275861424
15 17 0.8103869923153054
16 17 0.9561984026004678
16 18 0.5864573464747438
17 18 0.06708902030777864
17 19 0.9487205495547871
18 19 0.6571265325665325
18 20 0.4925986114713834
19 20 0.8218294766862566
19 21 0.4276317860211202
20 21 0.08327708763886865
20 22 0.31313417830045576
21 22 0.05103260737404425
21 23 0.8974416369724334
22 23 0.5923514156214461
22 24 0.6799163138429546
23 24 0.011501332311521728
23 25 0.4889297794825693
24 25 0.7426947651647541
24 26 0.7361683201791347
25 26 0.9093672525439662
25 27 0.945206023492729
26 27 0.8575392593121315
26 28 0.3542585186417323
27 28 0.861797529796474
27 29 0.10440548454580179
28 29 0.3976658516936973
28 30 0.5676458817583365
29 30 0.7452297770572256
29 31 0.5459750003585051
30 31 0.058459433666214644
30 32 0.32819287161494815
31 32 0.5093769442215851
31 33 0.8595906074352783
32 33 0.8834033832528412
32 34 0.9689296156529774
33 34 0.8657230301441562
33 35 0.18260350332294917
34 35 0.6932674625793565
34 36 0.4660838963938213
35 36 0.42942399726732816
35 37 0.5518455194878921
36 37 0.6579053161649414
36 38 0.6746726588008063
37 38 0.7001145085499777
37 39 0.9337690053875037
38 39 0.8074906445600497
38 40 0.6383895533699825
39 40 0.7215974656887066
39 41 0.5294281311693012
40 41 0.2665761271019653
40 42 0.945940893645721
41 42 0.6131589945704384
41 43 0.8843020527100897
42 43 0.7422258249693703
42 44 0.15732246219611512
43 44 0.47850568503436963
43 45 0.7258997939605987
44 45 0.6174116726425138
44 46 0.5131099609317495
45 46 0.2190442445700269
45 47 0.29228257587451323
46 47 0.039474485715322416
46 48 0.1855924266921295
47 48 0.6304697304762691
47 49 0.745510972800896
48 49 0.7055576663577937
48 50 0.3327129647726176
49 50 0.9361736296770982
49 51 0.35494906993739594
50 51 0.16718342134828879
50 52 0.5172025424120779
51 52 0.403069909789891
51 53 0.7204539618081637
52 53 0.12024961200125461
52 54 0.44437877774526024
53 54 0.38013472482362043
53 55 0.1849475244126375
54 55 0.21279197141581407
54 56 0.9510825500068261
55 56 0.332319050333007
55 57 0.5814156457778328
56 57 0.0919748034399841
56 58 0.14159757800212136
57 58 0.339962765447285
57 59 0.32016056889964817
58 59 0.7586129030757252
58 60 0.04872746524695226
59 60 0.052797346015239444
59 61 0.6536589796725946
60 61 0.08601938785623697
60 62 0.24126614078268116
61 62 0.1486354326717303
61 63 0.2405021873482034
62 63 0.7608532377991807
62 64 0.4409936848868895
63 64 0.310454454544541
63 65 0.3004924642911144
64 65 0.18350997562464355
64 66 0.2735047639163566
65 66 0.41662495039382585
65 67 0.4655394133453472
66 67 0.8071997141676568
66 68 0.3361203207818696
67 68 0.013826727782619175
67 69 0.8955399374671443
68 69 0.7224816075996463
68 70 0.06193538871542159
69 70 0.9897751967719174
69 71 0.43983729025111185
70 71 0.6477250378528843
70 72 0.314345207297101
71 72 0.3293762735936214
71 73 0.06640737622373527
72 73 0.9893964650971093
72 74 0.05345476427953744
73 74 0.9632028415964434
73 75 0.2416034878431652
74 75 0.6465446194069339
74 76 0.0542604699671585
75 76 0.8795619833350835
75 77 0.6487601417525679
76 77 0.1805061047536759
76 78 0.20593855847295361
77 78 0.04595273198742189
77 79 0.9385889920435804
78 79 0.15842021343057144
78 80 0.6879147447814052
79 80 0.2377800122195094
79 81 0.7889606056466902
80 81 0.9193132985946975
80 82 0.10911429914277593
81 82 0.34580890172307877
81 83 0.03226898333376227
82 83 0.24582215538674534
82 84 0.976660942408508
83 84 0.5189235108925682
83 85 0.11186252087454795
84 85 0.7028859549072421
84 86 0.5533440000743219
85 86 0.26447162676823044
85 87 0.31408475282411596
86 87 0.37733677056802384
86 88 0.3172097029562705
87 88 0.6432143816151258
87 89 0.1484805809572367
88 89 0.942315118825888
88 90 0.006441228279746802
89 90 0.7875040160247587
89 91 0.5871562154598029
90 91 0.5960357721425495
90 92 0.16937779477043557
91 92 0.5638975625937341
91 93 0.6839224118949951
92 93 0.8804241587757385
92 94 0.6107379967550332
93 94 0.14499907207577623
93 95 0.9455119816039557
94 95 0.5556984376444918
94 96 0.6700653769770385
95 96 0.31966154545199377
95 97 0.23023896591675685
96 97 0.9652136878348615
96 98 0.8008065311058751
97 98 0.7477300399010519
97 99 0.37864207220979285
98 99 0.6014911079338423
98 100 0.5002839165983719
99 100 0.7723339023261324
99 101 0.9124010442776863
100 101 0.9523009407790963
100 102 0.9209570588225116
101 102 0.6633170046077217
101 103 0.1456018587698792
102 103 0.830403936104011
102 104 0.34990386523735706
103 104 0.5961602593433777
103 105 0.8075009249691747
104 105 0.8868988373405166
104 106 0.24298338196239788
105 106 0.02525068378580375
105 107 0.7649187513138695
106 107 0.8358747217951017
106 108 0.8635614328859096
107 108 0.15658912735921915
107 109 0.47020731200078014
108 109 0.24591902516702546
108 110 0.5463735224372344
109 110 0.484048953132893
109 111 0.6970824825867717
110 111 0.38563690567281694
110 112 0.6067661984095344
111 112 0.16858907798318123
111 113 0.21936471263296242
112 113 0.16241124256950856
112 114 0.8941093799418945
113 114 0.6719709519381617
113 115 0.6811456053052405
114 115 0.17586138987423727
114 116 0.19239733058362862
115 116 0.7123514860118572
115 117 0.3236650884284975
116 117 0.8001803697107476
116 118 0.277279292536607
117 118 0.47699752691438135
117 119 0.3407013432105289
118 119 0.3766420716462837
118 120 0.6720597644927024
119 120 0.7179921130240763
119 121 0.3203190664841965
120 121 0.9164289820488177
120 122 0.4656035125798206
121 122 0.14541920484712023
121 123 0.6610322578049079
122 123 0.42303066706299997
122 124 0.34760905443431667
123 124 0.6168147674207698
123 125 0.731530866989828
124 125 0.3168673989598838
124 126 0.30701048359075434
125 126 0.9095963291648804
125 127 0.8328199176187852
126 127 0.09947491975698586
126 128 0.9607232194503369
127 128 0.62176937628601
127 129 0.6975260286888989
128 129 0.47814755763344474
128 130 0.18563059342910881
129 130 0.8013708851958682
129 131 0.05775684793648439
130 131 0.3216621637762008
130 132 0.12543429121509786
131 132 0.04497499540262262
131 133 0.9927611574471108
132 133 0.9412515661107699
132 134 0.24627875405307975
133 134 0.6598563388382723
133 135 0.9801196072552524
134 135 0.499650099551153
134 136 0.9442302724433127
135 136 0.7584313756346573
135 137 0.36725918503070665
136 137 0.09631693480523795
136 138 0.6827751670257376
137 138 0.13992907203675364
137 139 0.12863584480903456
138 139 0.5533541858394412
138 140 0.10301981649099645
139 140 0.778815855410927
139 141 0.31017964385370533
140 141 0.7234815526909655
140 142 0.9893550354820746
141 142 0.979731604788842
141 143 0.31260505258091886
142 143 0.7036369039755103
142 144 0.27313744264013395
143 144 0.8245419956960381
143 145 0.5986246518248062
144 145 0.47916514828092915
144 146 0.09843932084052687
145 146 0.32418282965983036
145 147 0.9422476386923114
146 147 0.41730155737642516
146 148 0.9309459846006838
147 148 0.24899394800003372
147 149 0.3092566140738984
148 149 0.8569412953343295
148 150 0.34224834037765317
149 150 0.5104755430723382
149 151 0.7768039925847324
150 151 0.4911122448152161
150 152 0.7787567643095565
151 152 0.3664653161768603
151 153 0.9968287187502568
152 153 0.3880139445539569
152 154 0.7023268324558399
153 154 0.6123862681683986
153 155 0.3615279903449944
154 155 0.862606292019898
154 156 0.33711016125376303
155 156 0.4964542710296178
155 157 0.08023931845826959
156 157 0.5032443097965994
156 158 0.9803312386694504
157 158 0.4276233106025692
157 159 0.7258959544042233
158 159 0.7307086146626132
158 160 0.06815082506088399
159 160 0.5947923892696622
159 161 0.8563272403817597
160 161 0.6827734141082544
160 162 0.33352508799593195
161 162 0.9590692067113585
161 163 0.657725656365251
162 163 0.6972399054996714
162 164 0.23983389474306627
163 164 0.4608943053472292
163 165 0.5838701403791323
164 165 0.32176392290417477
164 166 0.5497589969541129
165 166 0.2187168244306803
165 167 0.6112958039435279
166 167 0.6164176114054767
166 168 0.8153294265741162
167 168 0.9966277390674736
167 169 0.1242060507351006
168 169 0.8893851394631069
168 170 0.3803695330774013
169 170 0.6669843976449701
169 171 0.059517314978314806
170 171 0.9076631393120339
170 172 0.26961000372403743
171 172 0.03260916084672083
171 173 0.828507528323949
172 173 0.5910973857537021
172 174 0.031211421516159632
173 174 0.4329400991101082
173 175 0.4989856937942657
174 175 0.15681705876596697
174 176 0.5473446352907155
175 176 0.48529608594347584
175 177 0.2849727158323777
176 177 0.40838304394535996
176 178 0.5719932431348009
177 178 0.9246561570569897
177 179 0.9245914879967505
178 179 0.1463776258323879
178 180 0.09699768891228688
179 180 0.253087789344274
179 181 0.5621990237566222
180 181 0.7370459359589208
180 182 0.8984578900580943
181 182 0.05645533545540826
181 183 0.9512387995395033
182 183 0.7653843036901524
182 184 0.007903548032230256
183 184 0.2657128616721265
183 185 0.3004882212365034
184 185 0.8584616831634047
184 186 0.8171886061377771
185 186 0.8478148673864268
185 187 0.14436727698131135
186 187 0.2613734705821673
186 188 0.9347641535407228
187 188 0.9528646816205021
187 189 0.4323721581268478
188 189 0.44382244073423627
188 190 0.7713165385636593
189 190 0.6649368092785798
189 191 0.7508700395841177
190 191 0.5453394201046925
190 192 0.4465267791839106
191 192 0.923769786033275
191 193 0.43156968517728056
192 193 0.48479289960886285
192 194 0.8365371338457965
193 194 0.4614685094640868
193 195 0.870471738086466
194 195 0.1824565563390922
194 196 0.40695564383648664
195 196 0.03726524178784041
195 197 0.5696153626435185
196 197 0.7844260892971309
196 198 0.5611973975326799
197 198 0.5863462553345253
197 199 0.33297394429641103
198 199 0.7233359928514077
198 200 0.9258409416675003
199 200 0.4513140040968906
199 201 0.10548756383775404
200 201 0.5215858277779876
200 202 0.7957565027795114
201 202 0.5644848664374728
201 203 0.4122548843146313
202 203 0.5580822874264247
202 204 0.7289671724879258
203 204 0.33102674366997575
203 205 0.6351825095773497
204 205 0.5899244740241216
204 206 0.9329504537241585
205 206 0.3770755450192489
205 207 0.878987257470005
206 207 0.9514105829843219
206 208 0.08775178805417505
207 208 0.7923923727239489
207 209 0.1422689782497948
208 209 0.5892122725381026
208 210 0.7614566535794077
209 210 0.7824523392425811
209 211 0.7442474310631007
210 211 0.21037915992356138
210 212 0.953735565206554
211 212 0.18608280416634604
211 213 0.48337176869355514
212 213 0.3222451827716545
212 214 0.6717339381570783
213 214 0.08443189563616293
213 215 0.9139856167091264
214 215 0.38565262004708745
214 216 0.027029789334005905
215 216 0.7051691699128904
215 217 0.7237146531059792
216 217 0.3647989741814548
216 218 0.13362151238434394
217 218 0.8448710313462652
217 219 0.6328987186410605
218 219 0.4183688956771976
218 220 0.6758874549523123
219 220 0.7695756450468063
219 221 0.2740143737320492
220 221 0.5641232225310753
220 222 0.13323901725639353
221 222 0.27260689574993335
221 223 0.15383525813689058
222 223 0.40022445255067485
222 224 0.7794770997160452
223 224 0.013527711886803462
223 225 0.892370007780791
224 225 0.2443516800340545
224 226 0.06690131765844287
225 226 0.25188806754399173
225 227 0.34714283749115127
226 227 0.5669141256814977
226 228 0.9866212907550106
227 228 0.841131456341159
227 229 0.32316753114674546
228 229 0.8747301446617687
228 230 0.31846994720930555
229 230 0.6994746107192961
229 231 0.7933454089912451
230 231 0.6940909748137215
230 232 0.85478656034372
231 232 0.7393188177753661
231 233 0.620031872114775
232 233 0.6062656782009513
232 234 0.8072829935923188
233 234 0.7746112142888394
233 235 0.3267898172786462
234 235 0.8552465465332826
234 236 0.6727153782092239
235 236 0.5473380339269784
235 237 0.6620440587283943
236 237 0.6677254575411592
236 238 0.44609859976700506
237 238 0.775502178268142
237 239 0.5183943842916059
238 239 0.9140959126927239
238 240 0.12196210328358814
239 240 0.15277595245291498
239 241 0.8320180464387578
240 241 0.6269463248237043
240 242 0.564869547396107
241 242 0.718470766131549
241 243 0.6196852144735429
242 243 0.6505373563362505
242 244 0.28265620927089796
243 244 0.42877750107893453
243 245 0.8086491206623551
244 245 0.10132880154651536
244 246 0.9538028353123509
245 246 0.9415916824832637
245 247 0.5848088218076081
246 247 0.861209767541591
246 248 0.6405464217914428
247 248 0.031676590682415906
247 249 0.4590690197643078
248 249 0.4866440230040383
248 250 0.5770352304698538
249 250 0.8603216021179635
102 157 0.06643984260842517
12 27 0.6535375634936824
49 125 0.6735432199308914
Loss 0.0 94.0 0.0 0.0 0.0 23.0 0.0 0.0 0.0 86.0 0.0 0.0 0.0 23.0 0.0 0.0 0.0 81.0 0.0 0.0 0.0 22.0 0.0 0.0 0.0 18.0 0.0 0.0 0.0 73.0 0.0 0.0 0.0 58.0 0.0 0.0 0.0 2.0 0.0 0.0 0.0 59.0 0.0 0.0 0.0 92.0 0.0 0.0 0.0 52.0 0.0 0.0 0.0 25.0 0.0 0.0 0.0 50.0 0.0 0.0 0.0 90.0 0.0 0.0 0.0 66.0 0.0 0.0 0.0 78.0 0.0 0.0 0.0 78.0 0.0 0.0 0.0 45.0 0.0 0.0 0.0 67.0 0.0 0.0 0.0 5.0 0.0 0.0 0.0 42.0 0.0 0.0 0.0 2.0 0.0 0.0 0.0 24.0 0.0 0.0 0.0 44.0 0.0 0.0 0.0 60.0 0.0 0.0 0.0 99.0 0.0 0.0 0.0 63.0 0.0 0.0 0.0 24.0 0.0 0.0 0.0 77.0 0.0 0.0 0.0 26.0 0.0 0.0 0.0 44.0 0.0 0.0 0.0 12.0 0.0 0.0 0.0 90.0 0.0 0.0 0.0 65.0 0.0 0.0 0.0 76.0 0.0 0.0 0.0 25.0 0.0 0.0 0.0 91.0 0.0 0.0 0.0 9.0 0.0 0.0 0.0 3.0 0.0 0.0 0.0 60.0 0.0 0.0 0.0 13.0 0.0 0.0 0.0 13.0 0.0 0.0 0.0 65.0 0.0 0.0 0.0 59.0 0.0 0.0 0.0 68.0 0.0 0.0 0.0 12.0 0.0 0.0 0.0 88.0 0.0 0.0 0.0 53.0 0.0 0.0 0.0 46.0 0.0 0.0 0.0 46.0 0.0 0.0 0.0 36.0 0.0 0.0 0.0 92.0 0.0 0.0 0.0 51.0 0.0 0.0 0.0 33.0 0.0 0.0 0.0 82.0 0.0 0.0 0.0 54.0 0.0 0.0 0.0 61.0 0.0 0.0 0.0 73.0 0.0 0.0 0.0 14.0 0.0 0.0 0.0 25.0 0.0 0.0 0.0 38.0 